0 0 Cyclist -1 -1 0.0 659 142 687 194 2 3 5 -1 -1 -1 -1 0.5
0 1 Car -1 -1 0.0 1130 178 1240 374 2 3 5 -1 -1 -1 -1 0.5
0 2 Car -1 -1 0.0 295 173 343 195 2 3 5 -1 -1 -1 -1 0.5
0 3 Car -1 -1 0.0 874 197 1240 373 2 3 5 -1 -1 -1 -1 0.5
1 1 Car -1 -1 0.0 1130 178 1240 374 2 3 5 -1 -1 -1 -1 0.5
1 2 Car -1 -1 0.0 300 171 348 193 2 3 5 -1 -1 -1 -1 0.5
1 3 Car -1 -1 0.0 872 188 1240 372 2 3 5 -1 -1 -1 -1 0.5
1 4 Pedestrian -1 -1 0.0 919 166 937 216 2 3 5 -1 -1 -1 -1 0.5
1 5 Car -1 -1 0.0 425 161 453 183 2 3 5 -1 -1 -1 -1 0.5
1 6 Car -1 -1 0.0 256 156 338 196 2 3 5 -1 -1 -1 -1 0.5
2 2 Car -1 -1 0.0 291 172 345 194 2 3 5 -1 -1 -1 -1 0.5
2 3 Car -1 -1 0.0 859 187 1239 373 2 3 5 -1 -1 -1 -1 0.5
2 5 Car -1 -1 0.0 425 161 453 183 2 3 5 -1 -1 -1 -1 0.5
2 6 Car -1 -1 0.0 231 155 335 197 2 3 5 -1 -1 -1 -1 0.5
2 7 Pedestrian -1 -1 0.0 958 155 976 209 2 3 5 -1 -1 -1 -1 0.5
2 8 Pedestrian -1 -1 0.0 943 161 967 209 2 3 5 -1 -1 -1 -1 0.5
3 2 Car -1 -1 0.0 280 172 336 196 2 3 5 -1 -1 -1 -1 0.5
3 3 Car -1 -1 0.0 866 189 1240 373 2 3 5 -1 -1 -1 -1 0.5
3 6 Car -1 -1 0.0 237 152 347 196 2 3 5 -1 -1 -1 -1 0.5
3 8 Pedestrian -1 -1 0.0 943 161 967 209 2 3 5 -1 -1 -1 -1 0.5
3 9 Pedestrian -1 -1 0.0 0 62 12 86 2 3 5 -1 -1 -1 -1 0.5
3 10 Car -1 -1 0.0 309 176 335 196 2 3 5 -1 -1 -1 -1 0.5
4 2 Car -1 -1 0.0 270 174 318 196 2 3 5 -1 -1 -1 -1 0.5
4 3 Car -1 -1 0.0 851 190 1237 374 2 3 5 -1 -1 -1 -1 0.5
4 6 Car -1 -1 0.0 237 153 337 197 2 3 5 -1 -1 -1 -1 0.5
4 9 Pedestrian -1 -1 0.0 0 62 12 86 2 3 5 -1 -1 -1 -1 0.5
4 10 Car -1 -1 0.0 282 174 332 198 2 3 5 -1 -1 -1 -1 0.5
4 11 Pedestrian -1 -1 0.0 189 124 219 194 2 3 5 -1 -1 -1 -1 0.5
5 2 Car -1 -1 0.0 262 175 312 199 2 3 5 -1 -1 -1 -1 0.5
5 3 Car -1 -1 0.0 840 192 1236 372 2 3 5 -1 -1 -1 -1 0.5
5 6 Car -1 -1 0.0 238 153 338 197 2 3 5 -1 -1 -1 -1 0.5
5 10 Car -1 -1 0.0 292 175 332 197 2 3 5 -1 -1 -1 -1 0.5
5 12 Car -1 -1 0.0 1114 185 1240 363 2 3 5 -1 -1 -1 -1 0.5
5 13 Cyclist -1 -1 0.0 201 158 221 196 2 3 5 -1 -1 -1 -1 0.5
6 2 Car -1 -1 0.0 251 176 305 200 2 3 5 -1 -1 -1 -1 0.5
6 3 Car -1 -1 0.0 827 192 1231 372 2 3 5 -1 -1 -1 -1 0.5
6 6 Car -1 -1 0.0 239 153 337 197 2 3 5 -1 -1 -1 -1 0.5
6 12 Car -1 -1 0.0 1098 185 1238 363 2 3 5 -1 -1 -1 -1 0.5
6 14 Cyclist -1 -1 0.0 889 172 1153 292 2 3 5 -1 -1 -1 -1 0.5
6 15 Car -1 -1 0.0 1102 182 1162 212 2 3 5 -1 -1 -1 -1 0.5
7 2 Car -1 -1 0.0 239 178 295 202 2 3 5 -1 -1 -1 -1 0.5
7 3 Car -1 -1 0.0 820 188 1234 372 2 3 5 -1 -1 -1 -1 0.5
7 6 Car -1 -1 0.0 239 152 337 198 2 3 5 -1 -1 -1 -1 0.5
7 14 Cyclist -1 -1 0.0 834 193 1120 291 2 3 5 -1 -1 -1 -1 0.5
7 16 Pedestrian -1 -1 0.0 928 204 1036 274 2 3 5 -1 -1 -1 -1 0.5
7 17 Car -1 -1 0.0 278 179 314 201 2 3 5 -1 -1 -1 -1 0.5
7 18 Pedestrian -1 -1 0.0 1191 268 1241 374 2 3 5 -1 -1 -1 -1 0.5
8 2 Car -1 -1 0.0 227 178 285 204 2 3 5 -1 -1 -1 -1 0.5
8 3 Car -1 -1 0.0 817 190 1235 372 2 3 5 -1 -1 -1 -1 0.5
8 6 Car -1 -1 0.0 239 152 337 198 2 3 5 -1 -1 -1 -1 0.5
8 14 Cyclist -1 -1 0.0 831 188 1101 282 2 3 5 -1 -1 -1 -1 0.5
8 17 Car -1 -1 0.0 278 179 314 201 2 3 5 -1 -1 -1 -1 0.5
8 19 Car -1 -1 0.0 1020 204 1188 332 2 3 5 -1 -1 -1 -1 0.5
8 20 Pedestrian -1 -1 0.0 338 110 374 194 2 3 5 -1 -1 -1 -1 0.5
9 2 Car -1 -1 0.0 218 177 276 205 2 3 5 -1 -1 -1 -1 0.5
9 3 Car -1 -1 0.0 795 190 1227 368 2 3 5 -1 -1 -1 -1 0.5
9 6 Car -1 -1 0.0 240 151 336 197 2 3 5 -1 -1 -1 -1 0.5
9 17 Car -1 -1 0.0 278 179 314 201 2 3 5 -1 -1 -1 -1 0.5
9 20 Pedestrian -1 -1 0.0 338 110 374 194 2 3 5 -1 -1 -1 -1 0.5
10 2 Car -1 -1 0.0 207 177 267 205 2 3 5 -1 -1 -1 -1 0.5
10 3 Car -1 -1 0.0 782 189 1194 365 2 3 5 -1 -1 -1 -1 0.5
10 17 Car -1 -1 0.0 278 179 314 201 2 3 5 -1 -1 -1 -1 0.5
10 21 Car -1 -1 0.0 966 199 1112 325 2 3 5 -1 -1 -1 -1 0.5
10 22 Cyclist -1 -1 0.0 409 66 441 200 2 3 5 -1 -1 -1 -1 0.5
11 2 Car -1 -1 0.0 193 176 261 204 2 3 5 -1 -1 -1 -1 0.5
11 3 Car -1 -1 0.0 775 185 1165 359 2 3 5 -1 -1 -1 -1 0.5
11 21 Car -1 -1 0.0 966 199 1112 325 2 3 5 -1 -1 -1 -1 0.5
11 23 Car -1 -1 0.0 235 170 285 202 2 3 5 -1 -1 -1 -1 0.5
12 2 Car -1 -1 0.0 186 175 250 205 2 3 5 -1 -1 -1 -1 0.5
12 3 Car -1 -1 0.0 765 187 1129 357 2 3 5 -1 -1 -1 -1 0.5
12 23 Car -1 -1 0.0 192 159 292 201 2 3 5 -1 -1 -1 -1 0.5
13 2 Car -1 -1 0.0 175 176 241 206 2 3 5 -1 -1 -1 -1 0.5
13 3 Car -1 -1 0.0 760 185 1104 351 2 3 5 -1 -1 -1 -1 0.5
13 24 Cyclist -1 -1 0.0 693 148 735 202 2 3 5 -1 -1 -1 -1 0.5
14 2 Car -1 -1 0.0 163 176 233 208 2 3 5 -1 -1 -1 -1 0.5
14 3 Car -1 -1 0.0 761 183 1073 345 2 3 5 -1 -1 -1 -1 0.5
14 25 Car -1 -1 0.0 217 177 265 207 2 3 5 -1 -1 -1 -1 0.5
15 2 Car -1 -1 0.0 151 178 225 210 2 3 5 -1 -1 -1 -1 0.5
15 3 Car -1 -1 0.0 749 184 1043 340 2 3 5 -1 -1 -1 -1 0.5
15 25 Car -1 -1 0.0 193 178 255 208 2 3 5 -1 -1 -1 -1 0.5
16 2 Car -1 -1 0.0 136 180 214 212 2 3 5 -1 -1 -1 -1 0.5
16 3 Car -1 -1 0.0 747 185 1025 335 2 3 5 -1 -1 -1 -1 0.5
16 25 Car -1 -1 0.0 199 179 257 209 2 3 5 -1 -1 -1 -1 0.5
16 26 Pedestrian -1 -1 0.0 238 178 252 212 2 3 5 -1 -1 -1 -1 0.5
16 27 Car -1 -1 0.0 180 148 320 200 2 3 5 -1 -1 -1 -1 0.5
17 2 Car -1 -1 0.0 120 181 202 215 2 3 5 -1 -1 -1 -1 0.5
17 3 Car -1 -1 0.0 747 184 1003 326 2 3 5 -1 -1 -1 -1 0.5
17 25 Car -1 -1 0.0 196 180 250 210 2 3 5 -1 -1 -1 -1 0.5
17 27 Car -1 -1 0.0 128 160 268 212 2 3 5 -1 -1 -1 -1 0.5
18 2 Car -1 -1 0.0 105 181 189 217 2 3 5 -1 -1 -1 -1 0.5
18 3 Car -1 -1 0.0 741 181 979 319 2 3 5 -1 -1 -1 -1 0.5
18 25 Car -1 -1 0.0 187 180 241 210 2 3 5 -1 -1 -1 -1 0.5
18 28 Car -1 -1 0.0 98 189 134 215 2 3 5 -1 -1 -1 -1 0.5
18 29 Cyclist -1 -1 0.0 312 85 350 233 2 3 5 -1 -1 -1 -1 0.5
19 2 Car -1 -1 0.0 87 180 179 218 2 3 5 -1 -1 -1 -1 0.5
19 3 Car -1 -1 0.0 737 181 963 313 2 3 5 -1 -1 -1 -1 0.5
19 25 Car -1 -1 0.0 172 180 230 212 2 3 5 -1 -1 -1 -1 0.5
19 28 Car -1 -1 0.0 77 190 117 216 2 3 5 -1 -1 -1 -1 0.5
19 30 Car -1 -1 0.0 834 190 948 262 2 3 5 -1 -1 -1 -1 0.5
19 31 Pedestrian -1 -1 0.0 3 154 51 204 2 3 5 -1 -1 -1 -1 0.5
20 2 Car -1 -1 0.0 68 182 166 220 2 3 5 -1 -1 -1 -1 0.5
20 3 Car -1 -1 0.0 732 179 946 307 2 3 5 -1 -1 -1 -1 0.5
20 25 Car -1 -1 0.0 152 180 214 212 2 3 5 -1 -1 -1 -1 0.5
20 28 Car -1 -1 0.0 65 192 107 220 2 3 5 -1 -1 -1 -1 0.5
20 31 Pedestrian -1 -1 0.0 3 154 51 204 2 3 5 -1 -1 -1 -1 0.5
21 2 Car -1 -1 0.0 48 182 150 222 2 3 5 -1 -1 -1 -1 0.5
21 3 Car -1 -1 0.0 732 179 930 301 2 3 5 -1 -1 -1 -1 0.5
21 25 Car -1 -1 0.0 129 181 201 215 2 3 5 -1 -1 -1 -1 0.5
21 31 Pedestrian -1 -1 0.0 3 154 51 204 2 3 5 -1 -1 -1 -1 0.5
21 32 Car -1 -1 0.0 23 159 243 229 2 3 5 -1 -1 -1 -1 0.5
22 2 Car -1 -1 0.0 25 183 133 223 2 3 5 -1 -1 -1 -1 0.5
22 3 Car -1 -1 0.0 737 180 917 294 2 3 5 -1 -1 -1 -1 0.5
22 25 Car -1 -1 0.0 108 183 188 217 2 3 5 -1 -1 -1 -1 0.5
22 32 Car -1 -1 0.0 25 160 249 232 2 3 5 -1 -1 -1 -1 0.5
23 2 Car -1 -1 0.0 6 183 112 227 2 3 5 -1 -1 -1 -1 0.5
23 3 Car -1 -1 0.0 736 181 904 289 2 3 5 -1 -1 -1 -1 0.5
23 25 Car -1 -1 0.0 87 184 169 220 2 3 5 -1 -1 -1 -1 0.5
23 33 Car -1 -1 0.0 1134 222 1238 370 2 3 5 -1 -1 -1 -1 0.5
24 2 Car -1 -1 0.0 -6 183 93 229 2 3 5 -1 -1 -1 -1 0.5
24 3 Car -1 -1 0.0 734 182 886 286 2 3 5 -1 -1 -1 -1 0.5
24 25 Car -1 -1 0.0 66 185 142 221 2 3 5 -1 -1 -1 -1 0.5
24 33 Car -1 -1 0.0 1097 217 1229 369 2 3 5 -1 -1 -1 -1 0.5
24 34 Car -1 -1 0.0 372 179 750 365 2 3 5 -1 -1 -1 -1 0.5
24 35 Car -1 -1 0.0 419 174 437 190 2 3 5 -1 -1 -1 -1 0.5
25 2 Car -1 -1 0.0 -21 184 80 232 2 3 5 -1 -1 -1 -1 0.5
25 3 Car -1 -1 0.0 730 180 874 280 2 3 5 -1 -1 -1 -1 0.5
25 25 Car -1 -1 0.0 55 182 133 220 2 3 5 -1 -1 -1 -1 0.5
25 33 Car -1 -1 0.0 1084 234 1234 370 2 3 5 -1 -1 -1 -1 0.5
25 35 Car -1 -1 0.0 419 174 437 190 2 3 5 -1 -1 -1 -1 0.5
26 2 Car -1 -1 0.0 -35 185 68 233 2 3 5 -1 -1 -1 -1 0.5
26 3 Car -1 -1 0.0 728 180 864 274 2 3 5 -1 -1 -1 -1 0.5
26 25 Car -1 -1 0.0 25 182 113 222 2 3 5 -1 -1 -1 -1 0.5
26 33 Car -1 -1 0.0 1063 233 1233 371 2 3 5 -1 -1 -1 -1 0.5
26 36 Cyclist -1 -1 0.0 89 185 119 219 2 3 5 -1 -1 -1 -1 0.5
27 2 Car -1 -1 0.0 -50 185 57 235 2 3 5 -1 -1 -1 -1 0.5
27 3 Car -1 -1 0.0 726 181 852 269 2 3 5 -1 -1 -1 -1 0.5
27 25 Car -1 -1 0.0 5 183 95 225 2 3 5 -1 -1 -1 -1 0.5
27 33 Car -1 -1 0.0 1035 237 1231 371 2 3 5 -1 -1 -1 -1 0.5
27 37 Car -1 -1 0.0 380 168 414 190 2 3 5 -1 -1 -1 -1 0.5
28 2 Car -1 -1 0.0 -64 185 45 237 2 3 5 -1 -1 -1 -1 0.5
28 3 Car -1 -1 0.0 720 181 840 269 2 3 5 -1 -1 -1 -1 0.5
28 25 Car -1 -1 0.0 -7 184 78 228 2 3 5 -1 -1 -1 -1 0.5
28 33 Car -1 -1 0.0 1016 217 1228 367 2 3 5 -1 -1 -1 -1 0.5
28 38 Car -1 -1 0.0 1127 221 1241 341 2 3 5 -1 -1 -1 -1 0.5
29 3 Car -1 -1 0.0 719 182 829 266 2 3 5 -1 -1 -1 -1 0.5
29 25 Car -1 -1 0.0 -23 184 64 230 2 3 5 -1 -1 -1 -1 0.5
29 33 Car -1 -1 0.0 994 207 1224 363 2 3 5 -1 -1 -1 -1 0.5
29 39 Car -1 -1 0.0 50 148 244 210 2 3 5 -1 -1 -1 -1 0.5
29 40 Pedestrian -1 -1 0.0 134 185 144 217 2 3 5 -1 -1 -1 -1 0.5
30 3 Car -1 -1 0.0 714 182 822 264 2 3 5 -1 -1 -1 -1 0.5
30 25 Car -1 -1 0.0 -17 161 64 225 2 3 5 -1 -1 -1 -1 0.5
30 33 Car -1 -1 0.0 980 191 1228 363 2 3 5 -1 -1 -1 -1 0.5
30 39 Car -1 -1 0.0 35 147 241 209 2 3 5 -1 -1 -1 -1 0.5
30 41 Car -1 -1 0.0 397 176 421 198 2 3 5 -1 -1 -1 -1 0.5
30 42 Car -1 -1 0.0 484 172 518 198 2 3 5 -1 -1 -1 -1 0.5
31 3 Car -1 -1 0.0 706 181 814 259 2 3 5 -1 -1 -1 -1 0.5
31 25 Car -1 -1 0.0 -32 160 51 226 2 3 5 -1 -1 -1 -1 0.5
31 33 Car -1 -1 0.0 968 177 1232 365 2 3 5 -1 -1 -1 -1 0.5
31 39 Car -1 -1 0.0 33 147 233 209 2 3 5 -1 -1 -1 -1 0.5
31 42 Car -1 -1 0.0 484 172 518 198 2 3 5 -1 -1 -1 -1 0.5
32 3 Car -1 -1 0.0 701 181 801 257 2 3 5 -1 -1 -1 -1 0.5
32 25 Car -1 -1 0.0 -46 157 39 227 2 3 5 -1 -1 -1 -1 0.5
32 33 Car -1 -1 0.0 951 171 1233 367 2 3 5 -1 -1 -1 -1 0.5
32 39 Car -1 -1 0.0 23 149 215 211 2 3 5 -1 -1 -1 -1 0.5
33 3 Car -1 -1 0.0 693 181 789 253 2 3 5 -1 -1 -1 -1 0.5
33 25 Car -1 -1 0.0 -59 156 26 228 2 3 5 -1 -1 -1 -1 0.5
33 33 Car -1 -1 0.0 920 162 1232 368 2 3 5 -1 -1 -1 -1 0.5
33 39 Car -1 -1 0.0 11 144 187 212 2 3 5 -1 -1 -1 -1 0.5
34 3 Car -1 -1 0.0 687 180 777 250 2 3 5 -1 -1 -1 -1 0.5
34 25 Car -1 -1 0.0 -74 154 13 228 2 3 5 -1 -1 -1 -1 0.5
34 33 Car -1 -1 0.0 896 156 1230 366 2 3 5 -1 -1 -1 -1 0.5
34 39 Car -1 -1 0.0 5 144 177 212 2 3 5 -1 -1 -1 -1 0.5
34 40 Car -1 -1 0.0 335 165 403 195 2 3 5 -1 -1 -1 -1 0.5
34 41 Car -1 -1 0.0 0 142 136 228 2 3 5 -1 -1 -1 -1 0.5
34 42 Car -1 -1 0.0 135 142 281 206 2 3 5 -1 -1 -1 -1 0.5
34 43 Pedestrian -1 -1 0.0 1163 173 1231 369 2 3 5 -1 -1 -1 -1 0.5
35 3 Car -1 -1 0.0 679 179 767 247 2 3 5 -1 -1 -1 -1 0.5
35 33 Car -1 -1 0.0 876 153 1232 369 2 3 5 -1 -1 -1 -1 0.5
35 39 Car -1 -1 0.0 -1 144 168 212 2 3 5 -1 -1 -1 -1 0.5
35 41 Car -1 -1 0.0 0 142 136 228 2 3 5 -1 -1 -1 -1 0.5
35 43 Pedestrian -1 -1 0.0 1113 205 1197 375 2 3 5 -1 -1 -1 -1 0.5
36 3 Car -1 -1 0.0 669 179 755 245 2 3 5 -1 -1 -1 -1 0.5
36 33 Car -1 -1 0.0 846 153 1230 371 2 3 5 -1 -1 -1 -1 0.5
36 39 Car -1 -1 0.0 -6 142 159 212 2 3 5 -1 -1 -1 -1 0.5
36 41 Car -1 -1 0.0 0 141 86 233 2 3 5 -1 -1 -1 -1 0.5
36 44 Car -1 -1 0.0 1094 148 1240 358 2 3 5 -1 -1 -1 -1 0.5
36 45 Car -1 -1 0.0 658 143 778 203 2 3 5 -1 -1 -1 -1 0.5
36 46 Car -1 -1 0.0 450 172 492 198 2 3 5 -1 -1 -1 -1 0.5
36 47 Car -1 -1 0.0 369 175 387 193 2 3 5 -1 -1 -1 -1 0.5
37 3 Car -1 -1 0.0 664 178 746 244 2 3 5 -1 -1 -1 -1 0.5
37 33 Car -1 -1 0.0 826 155 1232 371 2 3 5 -1 -1 -1 -1 0.5
37 39 Car -1 -1 0.0 -13 142 150 212 2 3 5 -1 -1 -1 -1 0.5
37 44 Car -1 -1 0.0 1098 169 1232 353 2 3 5 -1 -1 -1 -1 0.5
37 46 Car -1 -1 0.0 450 172 492 198 2 3 5 -1 -1 -1 -1 0.5
37 47 Car -1 -1 0.0 361 175 385 193 2 3 5 -1 -1 -1 -1 0.5
38 3 Car -1 -1 0.0 658 178 738 242 2 3 5 -1 -1 -1 -1 0.5
38 33 Car -1 -1 0.0 803 156 1225 372 2 3 5 -1 -1 -1 -1 0.5
38 44 Car -1 -1 0.0 1098 169 1232 353 2 3 5 -1 -1 -1 -1 0.5
38 47 Car -1 -1 0.0 354 176 382 192 2 3 5 -1 -1 -1 -1 0.5
38 48 Cyclist -1 -1 0.0 800 192 854 322 2 3 5 -1 -1 -1 -1 0.5
39 3 Car -1 -1 0.0 653 178 727 240 2 3 5 -1 -1 -1 -1 0.5
39 33 Car -1 -1 0.0 784 152 1210 370 2 3 5 -1 -1 -1 -1 0.5
39 47 Car -1 -1 0.0 349 175 377 193 2 3 5 -1 -1 -1 -1 0.5
39 48 Cyclist -1 -1 0.0 778 195 844 321 2 3 5 -1 -1 -1 -1 0.5
40 3 Car -1 -1 0.0 647 178 719 238 2 3 5 -1 -1 -1 -1 0.5
40 33 Car -1 -1 0.0 767 155 1195 369 2 3 5 -1 -1 -1 -1 0.5
40 48 Cyclist -1 -1 0.0 778 195 844 321 2 3 5 -1 -1 -1 -1 0.5
40 49 Cyclist -1 -1 0.0 831 184 971 374 2 3 5 -1 -1 -1 -1 0.5
41 3 Car -1 -1 0.0 637 179 707 237 2 3 5 -1 -1 -1 -1 0.5
41 33 Car -1 -1 0.0 740 152 1152 366 2 3 5 -1 -1 -1 -1 0.5
41 49 Cyclist -1 -1 0.0 831 184 971 374 2 3 5 -1 -1 -1 -1 0.5
41 50 Car -1 -1 0.0 336 176 362 196 2 3 5 -1 -1 -1 -1 0.5
42 3 Car -1 -1 0.0 627 180 697 236 2 3 5 -1 -1 -1 -1 0.5
42 33 Car -1 -1 0.0 723 152 1109 366 2 3 5 -1 -1 -1 -1 0.5
42 50 Car -1 -1 0.0 323 177 353 195 2 3 5 -1 -1 -1 -1 0.5
42 51 Car -1 -1 0.0 896 178 1024 286 2 3 5 -1 -1 -1 -1 0.5
42 52 Car -1 -1 0.0 26 140 192 212 2 3 5 -1 -1 -1 -1 0.5
43 3 Car -1 -1 0.0 622 181 688 237 2 3 5 -1 -1 -1 -1 0.5
43 33 Car -1 -1 0.0 703 151 1071 363 2 3 5 -1 -1 -1 -1 0.5
43 51 Car -1 -1 0.0 857 171 991 289 2 3 5 -1 -1 -1 -1 0.5
43 52 Car -1 -1 0.0 1 143 121 219 2 3 5 -1 -1 -1 -1 0.5
43 53 Pedestrian -1 -1 0.0 619 188 637 236 2 3 5 -1 -1 -1 -1 0.5
43 54 Cyclist -1 -1 0.0 195 174 213 202 2 3 5 -1 -1 -1 -1 0.5
44 3 Car -1 -1 0.0 615 180 681 234 2 3 5 -1 -1 -1 -1 0.5
44 33 Car -1 -1 0.0 685 152 1031 360 2 3 5 -1 -1 -1 -1 0.5
44 52 Car -1 -1 0.0 10 140 128 220 2 3 5 -1 -1 -1 -1 0.5
44 53 Pedestrian -1 -1 0.0 610 188 626 232 2 3 5 -1 -1 -1 -1 0.5
44 55 Car -1 -1 0.0 310 177 340 197 2 3 5 -1 -1 -1 -1 0.5
44 56 Pedestrian -1 -1 0.0 176 74 242 236 2 3 5 -1 -1 -1 -1 0.5
44 57 Car -1 -1 0.0 254 169 318 201 2 3 5 -1 -1 -1 -1 0.5
44 58 Pedestrian -1 -1 0.0 800 206 832 288 2 3 5 -1 -1 -1 -1 0.5
45 3 Car -1 -1 0.0 608 179 672 233 2 3 5 -1 -1 -1 -1 0.5
45 33 Car -1 -1 0.0 676 151 992 349 2 3 5 -1 -1 -1 -1 0.5
45 52 Car -1 -1 0.0 7 138 117 220 2 3 5 -1 -1 -1 -1 0.5
45 55 Car -1 -1 0.0 299 178 333 196 2 3 5 -1 -1 -1 -1 0.5
45 57 Car -1 -1 0.0 254 169 318 201 2 3 5 -1 -1 -1 -1 0.5
45 59 Cyclist -1 -1 0.0 721 189 827 321 2 3 5 -1 -1 -1 -1 0.5
46 3 Car -1 -1 0.0 600 180 664 232 2 3 5 -1 -1 -1 -1 0.5
46 33 Car -1 -1 0.0 663 152 957 344 2 3 5 -1 -1 -1 -1 0.5
46 52 Car -1 -1 0.0 3 125 113 215 2 3 5 -1 -1 -1 -1 0.5
46 55 Car -1 -1 0.0 298 177 334 197 2 3 5 -1 -1 -1 -1 0.5
46 59 Cyclist -1 -1 0.0 721 189 827 321 2 3 5 -1 -1 -1 -1 0.5
46 60 Pedestrian -1 -1 0.0 730 200 788 328 2 3 5 -1 -1 -1 -1 0.5
46 61 Car -1 -1 0.0 397 169 429 189 2 3 5 -1 -1 -1 -1 0.5
47 3 Car -1 -1 0.0 595 181 655 233 2 3 5 -1 -1 -1 -1 0.5
47 33 Car -1 -1 0.0 656 154 922 340 2 3 5 -1 -1 -1 -1 0.5
47 52 Car -1 -1 0.0 2 121 110 213 2 3 5 -1 -1 -1 -1 0.5
47 55 Car -1 -1 0.0 292 178 328 198 2 3 5 -1 -1 -1 -1 0.5
47 60 Pedestrian -1 -1 0.0 730 200 788 328 2 3 5 -1 -1 -1 -1 0.5
47 61 Car -1 -1 0.0 397 170 429 190 2 3 5 -1 -1 -1 -1 0.5
48 3 Car -1 -1 0.0 590 182 648 232 2 3 5 -1 -1 -1 -1 0.5
48 33 Car -1 -1 0.0 645 157 891 335 2 3 5 -1 -1 -1 -1 0.5
48 52 Car -1 -1 0.0 1 119 107 211 2 3 5 -1 -1 -1 -1 0.5
48 55 Car -1 -1 0.0 284 178 324 198 2 3 5 -1 -1 -1 -1 0.5
48 61 Car -1 -1 0.0 395 171 425 189 2 3 5 -1 -1 -1 -1 0.5
48 62 Car -1 -1 0.0 220 74 284 108 2 3 5 -1 -1 -1 -1 0.5
48 63 Pedestrian -1 -1 0.0 590 194 606 238 2 3 5 -1 -1 -1 -1 0.5
48 64 Car -1 -1 0.0 254 181 288 203 2 3 5 -1 -1 -1 -1 0.5
48 65 Cyclist -1 -1 0.0 155 177 173 207 2 3 5 -1 -1 -1 -1 0.5
48 66 Pedestrian -1 -1 0.0 518 131 542 189 2 3 5 -1 -1 -1 -1 0.5
49 3 Car -1 -1 0.0 584 182 642 230 2 3 5 -1 -1 -1 -1 0.5
49 33 Car -1 -1 0.0 638 158 868 330 2 3 5 -1 -1 -1 -1 0.5
49 52 Car -1 -1 0.0 0 116 106 210 2 3 5 -1 -1 -1 -1 0.5
49 55 Car -1 -1 0.0 280 178 318 198 2 3 5 -1 -1 -1 -1 0.5
49 61 Car -1 -1 0.0 391 171 423 189 2 3 5 -1 -1 -1 -1 0.5
49 63 Pedestrian -1 -1 0.0 590 194 606 238 2 3 5 -1 -1 -1 -1 0.5
49 64 Car -1 -1 0.0 246 179 280 201 2 3 5 -1 -1 -1 -1 0.5
49 65 Cyclist -1 -1 0.0 146 172 166 204 2 3 5 -1 -1 -1 -1 0.5
49 67 Pedestrian -1 -1 0.0 682 191 732 305 2 3 5 -1 -1 -1 -1 0.5
50 3 Car -1 -1 0.0 579 181 637 229 2 3 5 -1 -1 -1 -1 0.5
50 33 Car -1 -1 0.0 628 157 840 321 2 3 5 -1 -1 -1 -1 0.5
50 52 Car -1 -1 0.0 0 112 103 208 2 3 5 -1 -1 -1 -1 0.5
50 55 Car -1 -1 0.0 274 178 310 196 2 3 5 -1 -1 -1 -1 0.5
50 63 Pedestrian -1 -1 0.0 590 194 606 238 2 3 5 -1 -1 -1 -1 0.5
50 64 Car -1 -1 0.0 219 172 279 200 2 3 5 -1 -1 -1 -1 0.5
50 65 Cyclist -1 -1 0.0 143 170 161 202 2 3 5 -1 -1 -1 -1 0.5
50 67 Pedestrian -1 -1 0.0 666 191 708 301 2 3 5 -1 -1 -1 -1 0.5
51 3 Car -1 -1 0.0 575 179 633 227 2 3 5 -1 -1 -1 -1 0.5
51 33 Car -1 -1 0.0 620 157 816 311 2 3 5 -1 -1 -1 -1 0.5
51 55 Car -1 -1 0.0 270 177 306 195 2 3 5 -1 -1 -1 -1 0.5
51 64 Car -1 -1 0.0 217 171 277 201 2 3 5 -1 -1 -1 -1 0.5
51 65 Cyclist -1 -1 0.0 137 171 155 203 2 3 5 -1 -1 -1 -1 0.5
51 67 Pedestrian -1 -1 0.0 662 188 708 296 2 3 5 -1 -1 -1 -1 0.5
51 68 Car -1 -1 0.0 385 165 429 189 2 3 5 -1 -1 -1 -1 0.5
52 3 Car -1 -1 0.0 570 177 628 225 2 3 5 -1 -1 -1 -1 0.5
52 33 Car -1 -1 0.0 617 159 795 305 2 3 5 -1 -1 -1 -1 0.5
52 55 Car -1 -1 0.0 267 177 303 195 2 3 5 -1 -1 -1 -1 0.5
52 65 Cyclist -1 -1 0.0 130 171 146 203 2 3 5 -1 -1 -1 -1 0.5
52 67 Pedestrian -1 -1 0.0 654 187 698 289 2 3 5 -1 -1 -1 -1 0.5
52 69 Cyclist -1 -1 0.0 473 93 483 113 2 3 5 -1 -1 -1 -1 0.5
53 3 Car -1 -1 0.0 568 177 624 223 2 3 5 -1 -1 -1 -1 0.5
53 33 Car -1 -1 0.0 609 158 773 296 2 3 5 -1 -1 -1 -1 0.5
53 55 Car -1 -1 0.0 262 177 296 195 2 3 5 -1 -1 -1 -1 0.5
53 65 Cyclist -1 -1 0.0 122 171 140 205 2 3 5 -1 -1 -1 -1 0.5
53 67 Pedestrian -1 -1 0.0 651 184 689 274 2 3 5 -1 -1 -1 -1 0.5
53 70 Pedestrian -1 -1 0.0 630 177 670 287 2 3 5 -1 -1 -1 -1 0.5
53 71 Pedestrian -1 -1 0.0 518 125 536 179 2 3 5 -1 -1 -1 -1 0.5
54 3 Car -1 -1 0.0 564 177 618 221 2 3 5 -1 -1 -1 -1 0.5
54 33 Car -1 -1 0.0 605 162 755 292 2 3 5 -1 -1 -1 -1 0.5
54 55 Car -1 -1 0.0 254 177 292 197 2 3 5 -1 -1 -1 -1 0.5
54 65 Cyclist -1 -1 0.0 114 171 134 203 2 3 5 -1 -1 -1 -1 0.5
54 67 Pedestrian -1 -1 0.0 648 182 686 270 2 3 5 -1 -1 -1 -1 0.5
54 70 Pedestrian -1 -1 0.0 627 182 663 282 2 3 5 -1 -1 -1 -1 0.5
54 72 Car -1 -1 0.0 357 173 393 193 2 3 5 -1 -1 -1 -1 0.5
55 3 Car -1 -1 0.0 560 177 614 221 2 3 5 -1 -1 -1 -1 0.5
55 33 Car -1 -1 0.0 604 164 738 288 2 3 5 -1 -1 -1 -1 0.5
55 55 Car -1 -1 0.0 247 179 287 199 2 3 5 -1 -1 -1 -1 0.5
55 65 Cyclist -1 -1 0.0 106 173 128 205 2 3 5 -1 -1 -1 -1 0.5
55 67 Pedestrian -1 -1 0.0 645 181 681 265 2 3 5 -1 -1 -1 -1 0.5
55 72 Car -1 -1 0.0 357 173 393 193 2 3 5 -1 -1 -1 -1 0.5
56 3 Car -1 -1 0.0 558 178 612 222 2 3 5 -1 -1 -1 -1 0.5
56 33 Car -1 -1 0.0 596 165 720 283 2 3 5 -1 -1 -1 -1 0.5
56 55 Car -1 -1 0.0 241 180 285 200 2 3 5 -1 -1 -1 -1 0.5
56 65 Cyclist -1 -1 0.0 99 174 121 206 2 3 5 -1 -1 -1 -1 0.5
56 67 Pedestrian -1 -1 0.0 642 179 678 261 2 3 5 -1 -1 -1 -1 0.5
57 3 Car -1 -1 0.0 555 180 609 222 2 3 5 -1 -1 -1 -1 0.5
57 33 Car -1 -1 0.0 590 167 706 279 2 3 5 -1 -1 -1 -1 0.5
57 55 Car -1 -1 0.0 234 179 278 201 2 3 5 -1 -1 -1 -1 0.5
57 65 Cyclist -1 -1 0.0 93 175 115 207 2 3 5 -1 -1 -1 -1 0.5
57 67 Pedestrian -1 -1 0.0 640 177 674 257 2 3 5 -1 -1 -1 -1 0.5
57 68 Pedestrian -1 -1 0.0 95 171 109 207 2 3 5 -1 -1 -1 -1 0.5
57 69 Car -1 -1 0.0 189 182 251 210 2 3 5 -1 -1 -1 -1 0.5
57 70 Car -1 -1 0.0 422 171 448 195 2 3 5 -1 -1 -1 -1 0.5
57 71 Pedestrian -1 -1 0.0 605 182 643 274 2 3 5 -1 -1 -1 -1 0.5
58 3 Car -1 -1 0.0 554 180 606 222 2 3 5 -1 -1 -1 -1 0.5
58 33 Car -1 -1 0.0 585 167 695 273 2 3 5 -1 -1 -1 -1 0.5
58 55 Car -1 -1 0.0 229 179 275 201 2 3 5 -1 -1 -1 -1 0.5
58 65 Cyclist -1 -1 0.0 88 175 110 207 2 3 5 -1 -1 -1 -1 0.5
58 68 Pedestrian -1 -1 0.0 95 171 109 207 2 3 5 -1 -1 -1 -1 0.5
58 69 Car -1 -1 0.0 182 181 234 209 2 3 5 -1 -1 -1 -1 0.5
58 71 Pedestrian -1 -1 0.0 600 181 634 265 2 3 5 -1 -1 -1 -1 0.5
58 72 Cyclist -1 -1 0.0 443 167 453 189 2 3 5 -1 -1 -1 -1 0.5
58 73 Pedestrian -1 -1 0.0 645 58 655 82 2 3 5 -1 -1 -1 -1 0.5
58 74 Car -1 -1 0.0 371 171 405 199 2 3 5 -1 -1 -1 -1 0.5
58 75 Pedestrian -1 -1 0.0 269 144 283 190 2 3 5 -1 -1 -1 -1 0.5
59 3 Car -1 -1 0.0 551 181 601 221 2 3 5 -1 -1 -1 -1 0.5
59 33 Car -1 -1 0.0 582 167 684 271 2 3 5 -1 -1 -1 -1 0.5
59 55 Car -1 -1 0.0 223 180 269 202 2 3 5 -1 -1 -1 -1 0.5
59 65 Cyclist -1 -1 0.0 82 176 106 208 2 3 5 -1 -1 -1 -1 0.5
59 69 Car -1 -1 0.0 171 174 239 208 2 3 5 -1 -1 -1 -1 0.5
59 72 Cyclist -1 -1 0.0 443 167 453 189 2 3 5 -1 -1 -1 -1 0.5
59 74 Car -1 -1 0.0 371 171 405 199 2 3 5 -1 -1 -1 -1 0.5
60 3 Car -1 -1 0.0 552 181 602 221 2 3 5 -1 -1 -1 -1 0.5
60 33 Car -1 -1 0.0 580 168 676 268 2 3 5 -1 -1 -1 -1 0.5
60 55 Car -1 -1 0.0 218 179 266 201 2 3 5 -1 -1 -1 -1 0.5
60 65 Cyclist -1 -1 0.0 76 175 100 209 2 3 5 -1 -1 -1 -1 0.5
60 69 Car -1 -1 0.0 168 169 248 207 2 3 5 -1 -1 -1 -1 0.5
60 74 Car -1 -1 0.0 370 167 398 191 2 3 5 -1 -1 -1 -1 0.5
60 75 Cyclist -1 -1 0.0 582 185 630 249 2 3 5 -1 -1 -1 -1 0.5
60 76 Car -1 -1 0.0 158 181 210 207 2 3 5 -1 -1 -1 -1 0.5
61 3 Car -1 -1 0.0 550 181 602 221 2 3 5 -1 -1 -1 -1 0.5
61 33 Car -1 -1 0.0 579 169 669 265 2 3 5 -1 -1 -1 -1 0.5
61 55 Car -1 -1 0.0 214 179 262 201 2 3 5 -1 -1 -1 -1 0.5
61 69 Car -1 -1 0.0 168 168 250 206 2 3 5 -1 -1 -1 -1 0.5
61 74 Car -1 -1 0.0 369 168 397 192 2 3 5 -1 -1 -1 -1 0.5
61 76 Car -1 -1 0.0 147 179 205 209 2 3 5 -1 -1 -1 -1 0.5
61 77 Car -1 -1 0.0 1112 192 1240 374 2 3 5 -1 -1 -1 -1 0.5
62 3 Car -1 -1 0.0 548 181 600 221 2 3 5 -1 -1 -1 -1 0.5
62 33 Car -1 -1 0.0 578 171 662 263 2 3 5 -1 -1 -1 -1 0.5
62 55 Car -1 -1 0.0 207 179 255 201 2 3 5 -1 -1 -1 -1 0.5
62 69 Car -1 -1 0.0 168 167 250 205 2 3 5 -1 -1 -1 -1 0.5
62 74 Car -1 -1 0.0 368 167 396 191 2 3 5 -1 -1 -1 -1 0.5
62 76 Car -1 -1 0.0 142 180 202 210 2 3 5 -1 -1 -1 -1 0.5
62 78 Pedestrian -1 -1 0.0 324 158 346 202 2 3 5 -1 -1 -1 -1 0.5
63 3 Car -1 -1 0.0 544 181 596 219 2 3 5 -1 -1 -1 -1 0.5
63 33 Car -1 -1 0.0 575 170 659 260 2 3 5 -1 -1 -1 -1 0.5
63 55 Car -1 -1 0.0 199 178 249 202 2 3 5 -1 -1 -1 -1 0.5
63 69 Car -1 -1 0.0 168 165 252 205 2 3 5 -1 -1 -1 -1 0.5
63 74 Car -1 -1 0.0 364 164 394 190 2 3 5 -1 -1 -1 -1 0.5
63 76 Car -1 -1 0.0 135 179 197 209 2 3 5 -1 -1 -1 -1 0.5
63 79 Cyclist -1 -1 0.0 151 39 219 77 2 3 5 -1 -1 -1 -1 0.5
63 80 Car -1 -1 0.0 50 159 192 215 2 3 5 -1 -1 -1 -1 0.5
64 3 Car -1 -1 0.0 544 178 596 218 2 3 5 -1 -1 -1 -1 0.5
64 33 Car -1 -1 0.0 574 171 652 257 2 3 5 -1 -1 -1 -1 0.5
64 55 Car -1 -1 0.0 191 178 245 202 2 3 5 -1 -1 -1 -1 0.5
64 69 Car -1 -1 0.0 167 164 253 204 2 3 5 -1 -1 -1 -1 0.5
64 74 Car -1 -1 0.0 356 162 392 188 2 3 5 -1 -1 -1 -1 0.5
64 76 Car -1 -1 0.0 123 180 189 208 2 3 5 -1 -1 -1 -1 0.5
64 80 Car -1 -1 0.0 50 159 192 215 2 3 5 -1 -1 -1 -1 0.5
65 3 Car -1 -1 0.0 541 179 595 219 2 3 5 -1 -1 -1 -1 0.5
65 33 Car -1 -1 0.0 568 172 646 256 2 3 5 -1 -1 -1 -1 0.5
65 55 Car -1 -1 0.0 184 178 238 204 2 3 5 -1 -1 -1 -1 0.5
65 69 Car -1 -1 0.0 197 174 289 204 2 3 5 -1 -1 -1 -1 0.5
65 74 Car -1 -1 0.0 351 164 387 190 2 3 5 -1 -1 -1 -1 0.5
65 76 Car -1 -1 0.0 107 179 177 211 2 3 5 -1 -1 -1 -1 0.5
65 81 Car -1 -1 0.0 15 191 243 373 2 3 5 -1 -1 -1 -1 0.5
66 3 Car -1 -1 0.0 540 181 592 219 2 3 5 -1 -1 -1 -1 0.5
66 33 Car -1 -1 0.0 567 171 641 255 2 3 5 -1 -1 -1 -1 0.5
66 55 Car -1 -1 0.0 176 180 234 206 2 3 5 -1 -1 -1 -1 0.5
66 69 Car -1 -1 0.0 200 175 294 203 2 3 5 -1 -1 -1 -1 0.5
66 74 Car -1 -1 0.0 347 168 383 194 2 3 5 -1 -1 -1 -1 0.5
66 76 Car -1 -1 0.0 93 182 165 214 2 3 5 -1 -1 -1 -1 0.5
66 81 Car -1 -1 0.0 1 197 235 369 2 3 5 -1 -1 -1 -1 0.5
66 82 Car -1 -1 0.0 24 85 220 227 2 3 5 -1 -1 -1 -1 0.5
66 83 Car -1 -1 0.0 4 167 136 223 2 3 5 -1 -1 -1 -1 0.5
67 3 Car -1 -1 0.0 536 184 588 222 2 3 5 -1 -1 -1 -1 0.5
67 33 Car -1 -1 0.0 562 173 636 255 2 3 5 -1 -1 -1 -1 0.5
67 55 Car -1 -1 0.0 165 182 227 208 2 3 5 -1 -1 -1 -1 0.5
67 69 Car -1 -1 0.0 204 175 300 203 2 3 5 -1 -1 -1 -1 0.5
67 74 Car -1 -1 0.0 343 172 379 196 2 3 5 -1 -1 -1 -1 0.5
67 76 Car -1 -1 0.0 75 185 149 219 2 3 5 -1 -1 -1 -1 0.5
67 81 Car -1 -1 0.0 6 182 220 370 2 3 5 -1 -1 -1 -1 0.5
67 83 Car -1 -1 0.0 2 173 92 233 2 3 5 -1 -1 -1 -1 0.5
68 3 Car -1 -1 0.0 535 185 585 223 2 3 5 -1 -1 -1 -1 0.5
68 33 Car -1 -1 0.0 561 175 631 253 2 3 5 -1 -1 -1 -1 0.5
68 55 Car -1 -1 0.0 155 183 219 209 2 3 5 -1 -1 -1 -1 0.5
68 69 Car -1 -1 0.0 207 176 307 202 2 3 5 -1 -1 -1 -1 0.5
68 74 Car -1 -1 0.0 340 172 374 198 2 3 5 -1 -1 -1 -1 0.5
68 76 Car -1 -1 0.0 62 186 136 220 2 3 5 -1 -1 -1 -1 0.5
68 83 Car -1 -1 0.0 2 173 92 233 2 3 5 -1 -1 -1 -1 0.5
68 84 Pedestrian -1 -1 0.0 400 161 410 187 2 3 5 -1 -1 -1 -1 0.5
68 85 Cyclist -1 -1 0.0 539 145 593 247 2 3 5 -1 -1 -1 -1 0.5
69 3 Car -1 -1 0.0 535 183 581 219 2 3 5 -1 -1 -1 -1 0.5
69 33 Car -1 -1 0.0 558 173 628 249 2 3 5 -1 -1 -1 -1 0.5
69 55 Car -1 -1 0.0 143 181 211 209 2 3 5 -1 -1 -1 -1 0.5
69 69 Car -1 -1 0.0 211 176 313 202 2 3 5 -1 -1 -1 -1 0.5
69 74 Car -1 -1 0.0 331 172 365 196 2 3 5 -1 -1 -1 -1 0.5
69 76 Car -1 -1 0.0 46 186 122 220 2 3 5 -1 -1 -1 -1 0.5
69 84 Pedestrian -1 -1 0.0 400 161 410 187 2 3 5 -1 -1 -1 -1 0.5
69 86 Cyclist -1 -1 0.0 254 174 268 200 2 3 5 -1 -1 -1 -1 0.5
69 87 Car -1 -1 0.0 1008 238 1082 274 2 3 5 -1 -1 -1 -1 0.5
70 3 Car -1 -1 0.0 534 181 578 217 2 3 5 -1 -1 -1 -1 0.5
70 33 Car -1 -1 0.0 558 172 624 246 2 3 5 -1 -1 -1 -1 0.5
70 55 Car -1 -1 0.0 131 179 203 207 2 3 5 -1 -1 -1 -1 0.5
70 74 Car -1 -1 0.0 324 170 358 194 2 3 5 -1 -1 -1 -1 0.5
70 76 Car -1 -1 0.0 29 184 111 218 2 3 5 -1 -1 -1 -1 0.5
70 86 Cyclist -1 -1 0.0 254 174 268 200 2 3 5 -1 -1 -1 -1 0.5
70 88 Car -1 -1 0.0 5 79 109 233 2 3 5 -1 -1 -1 -1 0.5
71 3 Car -1 -1 0.0 531 181 575 217 2 3 5 -1 -1 -1 -1 0.5
71 33 Car -1 -1 0.0 555 171 621 245 2 3 5 -1 -1 -1 -1 0.5
71 55 Car -1 -1 0.0 121 177 193 207 2 3 5 -1 -1 -1 -1 0.5
71 74 Car -1 -1 0.0 314 168 354 194 2 3 5 -1 -1 -1 -1 0.5
71 76 Car -1 -1 0.0 15 179 99 217 2 3 5 -1 -1 -1 -1 0.5
71 88 Car -1 -1 0.0 5 79 109 233 2 3 5 -1 -1 -1 -1 0.5
72 3 Car -1 -1 0.0 529 181 571 215 2 3 5 -1 -1 -1 -1 0.5
72 33 Car -1 -1 0.0 555 170 617 244 2 3 5 -1 -1 -1 -1 0.5
72 55 Car -1 -1 0.0 107 178 177 208 2 3 5 -1 -1 -1 -1 0.5
72 74 Car -1 -1 0.0 306 168 344 194 2 3 5 -1 -1 -1 -1 0.5
72 76 Car -1 -1 0.0 1 176 85 218 2 3 5 -1 -1 -1 -1 0.5
73 3 Car -1 -1 0.0 526 181 566 215 2 3 5 -1 -1 -1 -1 0.5
73 33 Car -1 -1 0.0 553 170 613 242 2 3 5 -1 -1 -1 -1 0.5
73 55 Car -1 -1 0.0 102 178 172 210 2 3 5 -1 -1 -1 -1 0.5
73 74 Car -1 -1 0.0 297 170 337 196 2 3 5 -1 -1 -1 -1 0.5
73 76 Car -1 -1 0.0 -6 173 67 219 2 3 5 -1 -1 -1 -1 0.5
74 3 Car -1 -1 0.0 524 181 562 213 2 3 5 -1 -1 -1 -1 0.5
74 33 Car -1 -1 0.0 551 171 611 241 2 3 5 -1 -1 -1 -1 0.5
74 55 Car -1 -1 0.0 88 179 162 211 2 3 5 -1 -1 -1 -1 0.5
74 74 Car -1 -1 0.0 288 170 332 198 2 3 5 -1 -1 -1 -1 0.5
74 76 Car -1 -1 0.0 -13 175 48 221 2 3 5 -1 -1 -1 -1 0.5
75 33 Car -1 -1 0.0 548 173 606 241 2 3 5 -1 -1 -1 -1 0.5
75 55 Car -1 -1 0.0 74 179 152 211 2 3 5 -1 -1 -1 -1 0.5
75 74 Car -1 -1 0.0 277 170 325 198 2 3 5 -1 -1 -1 -1 0.5
75 76 Car -1 -1 0.0 -25 176 36 222 2 3 5 -1 -1 -1 -1 0.5
76 33 Car -1 -1 0.0 545 173 605 239 2 3 5 -1 -1 -1 -1 0.5
76 55 Car -1 -1 0.0 59 178 145 212 2 3 5 -1 -1 -1 -1 0.5
76 74 Car -1 -1 0.0 267 170 317 198 2 3 5 -1 -1 -1 -1 0.5
76 76 Car -1 -1 0.0 -36 175 23 223 2 3 5 -1 -1 -1 -1 0.5
77 33 Car -1 -1 0.0 545 173 605 239 2 3 5 -1 -1 -1 -1 0.5
77 55 Car -1 -1 0.0 46 178 136 212 2 3 5 -1 -1 -1 -1 0.5
77 74 Car -1 -1 0.0 255 169 307 199 2 3 5 -1 -1 -1 -1 0.5
77 76 Car -1 -1 0.0 -48 175 11 223 2 3 5 -1 -1 -1 -1 0.5
77 77 Cyclist -1 -1 0.0 529 159 575 227 2 3 5 -1 -1 -1 -1 0.5
77 78 Pedestrian -1 -1 0.0 404 156 416 184 2 3 5 -1 -1 -1 -1 0.5
77 79 Pedestrian -1 -1 0.0 544 167 560 215 2 3 5 -1 -1 -1 -1 0.5
78 33 Car -1 -1 0.0 545 175 605 239 2 3 5 -1 -1 -1 -1 0.5
78 55 Car -1 -1 0.0 28 177 126 213 2 3 5 -1 -1 -1 -1 0.5
78 74 Car -1 -1 0.0 240 168 298 200 2 3 5 -1 -1 -1 -1 0.5
78 76 Car -1 -1 0.0 -59 174 0 224 2 3 5 -1 -1 -1 -1 0.5
78 77 Cyclist -1 -1 0.0 533 163 583 225 2 3 5 -1 -1 -1 -1 0.5
78 79 Pedestrian -1 -1 0.0 546 169 562 221 2 3 5 -1 -1 -1 -1 0.5
78 80 Pedestrian -1 -1 0.0 128 131 168 193 2 3 5 -1 -1 -1 -1 0.5
79 33 Car -1 -1 0.0 547 175 605 237 2 3 5 -1 -1 -1 -1 0.5
79 55 Car -1 -1 0.0 12 176 114 214 2 3 5 -1 -1 -1 -1 0.5
79 74 Car -1 -1 0.0 225 167 287 201 2 3 5 -1 -1 -1 -1 0.5
79 77 Cyclist -1 -1 0.0 531 165 581 223 2 3 5 -1 -1 -1 -1 0.5
79 79 Pedestrian -1 -1 0.0 547 168 563 220 2 3 5 -1 -1 -1 -1 0.5
80 33 Car -1 -1 0.0 547 175 605 235 2 3 5 -1 -1 -1 -1 0.5
80 55 Car -1 -1 0.0 0 175 102 213 2 3 5 -1 -1 -1 -1 0.5
80 74 Car -1 -1 0.0 209 165 277 201 2 3 5 -1 -1 -1 -1 0.5
80 77 Cyclist -1 -1 0.0 535 172 577 226 2 3 5 -1 -1 -1 -1 0.5
80 80 Car -1 -1 0.0 4 145 106 191 2 3 5 -1 -1 -1 -1 0.5
80 81 Car -1 -1 0.0 334 173 386 191 2 3 5 -1 -1 -1 -1 0.5
81 33 Car -1 -1 0.0 548 175 606 233 2 3 5 -1 -1 -1 -1 0.5
81 55 Car -1 -1 0.0 -3 174 98 214 2 3 5 -1 -1 -1 -1 0.5
81 74 Car -1 -1 0.0 192 165 260 203 2 3 5 -1 -1 -1 -1 0.5
81 77 Cyclist -1 -1 0.0 538 166 576 224 2 3 5 -1 -1 -1 -1 0.5
81 81 Car -1 -1 0.0 333 174 365 190 2 3 5 -1 -1 -1 -1 0.5
81 82 Car -1 -1 0.0 550 177 586 209 2 3 5 -1 -1 -1 -1 0.5
81 83 Car -1 -1 0.0 0 175 40 225 2 3 5 -1 -1 -1 -1 0.5
82 33 Car -1 -1 0.0 548 174 604 232 2 3 5 -1 -1 -1 -1 0.5
82 55 Car -1 -1 0.0 -7 173 90 213 2 3 5 -1 -1 -1 -1 0.5
82 74 Car -1 -1 0.0 169 164 245 204 2 3 5 -1 -1 -1 -1 0.5
82 77 Cyclist -1 -1 0.0 541 163 579 221 2 3 5 -1 -1 -1 -1 0.5
82 82 Car -1 -1 0.0 550 177 586 209 2 3 5 -1 -1 -1 -1 0.5
82 84 Car -1 -1 0.0 581 177 611 199 2 3 5 -1 -1 -1 -1 0.5
83 33 Car -1 -1 0.0 552 174 606 232 2 3 5 -1 -1 -1 -1 0.5
83 55 Car -1 -1 0.0 -13 173 74 215 2 3 5 -1 -1 -1 -1 0.5
83 74 Car -1 -1 0.0 145 163 227 205 2 3 5 -1 -1 -1 -1 0.5
83 77 Cyclist -1 -1 0.0 543 162 579 220 2 3 5 -1 -1 -1 -1 0.5
83 84 Car -1 -1 0.0 581 177 611 199 2 3 5 -1 -1 -1 -1 0.5
83 85 Cyclist -1 -1 0.0 11 281 283 343 2 3 5 -1 -1 -1 -1 0.5
83 86 Car -1 -1 0.0 11 128 121 212 2 3 5 -1 -1 -1 -1 0.5
84 33 Car -1 -1 0.0 553 176 607 234 2 3 5 -1 -1 -1 -1 0.5
84 55 Car -1 -1 0.0 -23 173 66 215 2 3 5 -1 -1 -1 -1 0.5
84 74 Car -1 -1 0.0 133 164 217 206 2 3 5 -1 -1 -1 -1 0.5
84 77 Cyclist -1 -1 0.0 543 161 579 219 2 3 5 -1 -1 -1 -1 0.5
84 85 Cyclist -1 -1 0.0 11 281 283 343 2 3 5 -1 -1 -1 -1 0.5
84 86 Car -1 -1 0.0 55 130 193 208 2 3 5 -1 -1 -1 -1 0.5
84 87 Car -1 -1 0.0 330 173 386 189 2 3 5 -1 -1 -1 -1 0.5
84 88 Car -1 -1 0.0 84 167 164 213 2 3 5 -1 -1 -1 -1 0.5
85 33 Car -1 -1 0.0 556 175 608 233 2 3 5 -1 -1 -1 -1 0.5
85 55 Car -1 -1 0.0 -32 173 57 217 2 3 5 -1 -1 -1 -1 0.5
85 74 Car -1 -1 0.0 121 163 209 207 2 3 5 -1 -1 -1 -1 0.5
85 77 Cyclist -1 -1 0.0 545 159 579 219 2 3 5 -1 -1 -1 -1 0.5
85 86 Car -1 -1 0.0 55 130 193 208 2 3 5 -1 -1 -1 -1 0.5
85 87 Car -1 -1 0.0 336 169 388 187 2 3 5 -1 -1 -1 -1 0.5
85 88 Car -1 -1 0.0 40 158 154 212 2 3 5 -1 -1 -1 -1 0.5
85 89 Car -1 -1 0.0 318 160 360 188 2 3 5 -1 -1 -1 -1 0.5
85 90 Pedestrian -1 -1 0.0 417 141 435 195 2 3 5 -1 -1 -1 -1 0.5
86 33 Car -1 -1 0.0 557 174 609 232 2 3 5 -1 -1 -1 -1 0.5
86 55 Car -1 -1 0.0 -42 173 49 217 2 3 5 -1 -1 -1 -1 0.5
86 74 Car -1 -1 0.0 109 163 199 207 2 3 5 -1 -1 -1 -1 0.5
86 77 Cyclist -1 -1 0.0 547 158 579 218 2 3 5 -1 -1 -1 -1 0.5
86 87 Car -1 -1 0.0 348 169 390 187 2 3 5 -1 -1 -1 -1 0.5
86 88 Car -1 -1 0.0 21 162 143 212 2 3 5 -1 -1 -1 -1 0.5
86 90 Pedestrian -1 -1 0.0 413 136 433 194 2 3 5 -1 -1 -1 -1 0.5
87 33 Car -1 -1 0.0 558 174 610 230 2 3 5 -1 -1 -1 -1 0.5
87 55 Car -1 -1 0.0 -51 173 40 217 2 3 5 -1 -1 -1 -1 0.5
87 74 Car -1 -1 0.0 96 162 190 208 2 3 5 -1 -1 -1 -1 0.5
87 87 Car -1 -1 0.0 337 169 381 187 2 3 5 -1 -1 -1 -1 0.5
87 88 Car -1 -1 0.0 9 164 125 212 2 3 5 -1 -1 -1 -1 0.5
87 90 Pedestrian -1 -1 0.0 410 134 430 192 2 3 5 -1 -1 -1 -1 0.5
87 91 Pedestrian -1 -1 0.0 457 126 477 184 2 3 5 -1 -1 -1 -1 0.5
88 33 Car -1 -1 0.0 560 173 610 229 2 3 5 -1 -1 -1 -1 0.5
88 74 Car -1 -1 0.0 85 163 181 209 2 3 5 -1 -1 -1 -1 0.5
88 87 Car -1 -1 0.0 331 168 375 186 2 3 5 -1 -1 -1 -1 0.5
88 90 Pedestrian -1 -1 0.0 410 134 430 192 2 3 5 -1 -1 -1 -1 0.5
88 92 Pedestrian -1 -1 0.0 184 73 250 223 2 3 5 -1 -1 -1 -1 0.5
88 93 Car -1 -1 0.0 683 122 715 136 2 3 5 -1 -1 -1 -1 0.5
88 94 Cyclist -1 -1 0.0 210 75 268 183 2 3 5 -1 -1 -1 -1 0.5
89 33 Car -1 -1 0.0 560 172 612 228 2 3 5 -1 -1 -1 -1 0.5
89 87 Car -1 -1 0.0 321 168 365 186 2 3 5 -1 -1 -1 -1 0.5
89 90 Pedestrian -1 -1 0.0 401 133 425 191 2 3 5 -1 -1 -1 -1 0.5
89 93 Car -1 -1 0.0 683 122 715 136 2 3 5 -1 -1 -1 -1 0.5
89 95 Pedestrian -1 -1 0.0 452 128 474 186 2 3 5 -1 -1 -1 -1 0.5
90 33 Car -1 -1 0.0 559 173 613 227 2 3 5 -1 -1 -1 -1 0.5
90 87 Car -1 -1 0.0 316 168 358 186 2 3 5 -1 -1 -1 -1 0.5
90 90 Pedestrian -1 -1 0.0 392 128 422 190 2 3 5 -1 -1 -1 -1 0.5
90 95 Pedestrian -1 -1 0.0 452 128 474 186 2 3 5 -1 -1 -1 -1 0.5
91 33 Car -1 -1 0.0 560 172 614 226 2 3 5 -1 -1 -1 -1 0.5
91 87 Car -1 -1 0.0 313 169 353 187 2 3 5 -1 -1 -1 -1 0.5
91 90 Pedestrian -1 -1 0.0 389 133 419 193 2 3 5 -1 -1 -1 -1 0.5
91 96 Car -1 -1 0.0 336 167 366 187 2 3 5 -1 -1 -1 -1 0.5
92 33 Car -1 -1 0.0 561 173 615 225 2 3 5 -1 -1 -1 -1 0.5
92 87 Car -1 -1 0.0 307 170 347 188 2 3 5 -1 -1 -1 -1 0.5
92 90 Pedestrian -1 -1 0.0 384 132 412 196 2 3 5 -1 -1 -1 -1 0.5
93 33 Car -1 -1 0.0 562 173 614 223 2 3 5 -1 -1 -1 -1 0.5
93 87 Car -1 -1 0.0 302 171 342 189 2 3 5 -1 -1 -1 -1 0.5
93 90 Pedestrian -1 -1 0.0 382 134 406 198 2 3 5 -1 -1 -1 -1 0.5
93 91 Car -1 -1 0.0 332 170 366 188 2 3 5 -1 -1 -1 -1 0.5
93 92 Pedestrian -1 -1 0.0 123 125 147 189 2 3 5 -1 -1 -1 -1 0.5
93 93 Pedestrian -1 -1 0.0 441 113 467 193 2 3 5 -1 -1 -1 -1 0.5
94 33 Car -1 -1 0.0 563 172 615 224 2 3 5 -1 -1 -1 -1 0.5
94 87 Car -1 -1 0.0 298 169 338 189 2 3 5 -1 -1 -1 -1 0.5
94 90 Pedestrian -1 -1 0.0 376 132 400 198 2 3 5 -1 -1 -1 -1 0.5
94 91 Car -1 -1 0.0 327 170 359 188 2 3 5 -1 -1 -1 -1 0.5
94 93 Pedestrian -1 -1 0.0 437 119 461 195 2 3 5 -1 -1 -1 -1 0.5
95 33 Car -1 -1 0.0 564 174 614 224 2 3 5 -1 -1 -1 -1 0.5
95 87 Car -1 -1 0.0 294 169 334 189 2 3 5 -1 -1 -1 -1 0.5
95 90 Pedestrian -1 -1 0.0 373 132 397 200 2 3 5 -1 -1 -1 -1 0.5
95 91 Car -1 -1 0.0 323 170 357 188 2 3 5 -1 -1 -1 -1 0.5
95 93 Pedestrian -1 -1 0.0 437 120 463 192 2 3 5 -1 -1 -1 -1 0.5
95 94 Car -1 -1 0.0 353 171 373 187 2 3 5 -1 -1 -1 -1 0.5
96 33 Car -1 -1 0.0 565 174 615 224 2 3 5 -1 -1 -1 -1 0.5
96 87 Car -1 -1 0.0 289 169 331 189 2 3 5 -1 -1 -1 -1 0.5
96 90 Pedestrian -1 -1 0.0 369 132 393 200 2 3 5 -1 -1 -1 -1 0.5
96 93 Pedestrian -1 -1 0.0 433 117 461 189 2 3 5 -1 -1 -1 -1 0.5
97 33 Car -1 -1 0.0 564 172 614 222 2 3 5 -1 -1 -1 -1 0.5
97 87 Car -1 -1 0.0 284 168 326 188 2 3 5 -1 -1 -1 -1 0.5
97 90 Pedestrian -1 -1 0.0 365 131 389 201 2 3 5 -1 -1 -1 -1 0.5
97 94 Car -1 -1 0.0 320 162 346 186 2 3 5 -1 -1 -1 -1 0.5
98 33 Car -1 -1 0.0 565 171 613 221 2 3 5 -1 -1 -1 -1 0.5
98 87 Car -1 -1 0.0 277 166 321 188 2 3 5 -1 -1 -1 -1 0.5
98 90 Pedestrian -1 -1 0.0 362 131 386 201 2 3 5 -1 -1 -1 -1 0.5
98 94 Car -1 -1 0.0 313 165 345 185 2 3 5 -1 -1 -1 -1 0.5
98 95 Pedestrian -1 -1 0.0 99 74 123 146 2 3 5 -1 -1 -1 -1 0.5
98 96 Pedestrian -1 -1 0.0 535 154 543 178 2 3 5 -1 -1 -1 -1 0.5
98 97 Pedestrian -1 -1 0.0 210 134 230 188 2 3 5 -1 -1 -1 -1 0.5
99 33 Car -1 -1 0.0 565 172 615 222 2 3 5 -1 -1 -1 -1 0.5
99 87 Car -1 -1 0.0 271 167 315 189 2 3 5 -1 -1 -1 -1 0.5
99 94 Car -1 -1 0.0 302 167 346 189 2 3 5 -1 -1 -1 -1 0.5
99 96 Pedestrian -1 -1 0.0 535 154 543 178 2 3 5 -1 -1 -1 -1 0.5
100 33 Car -1 -1 0.0 566 174 614 224 2 3 5 -1 -1 -1 -1 0.5
100 87 Car -1 -1 0.0 265 169 311 191 2 3 5 -1 -1 -1 -1 0.5
100 96 Pedestrian -1 -1 0.0 535 154 543 178 2 3 5 -1 -1 -1 -1 0.5
100 97 Pedestrian -1 -1 0.0 417 114 447 202 2 3 5 -1 -1 -1 -1 0.5
101 33 Car -1 -1 0.0 566 174 614 224 2 3 5 -1 -1 -1 -1 0.5
101 87 Car -1 -1 0.0 258 168 306 192 2 3 5 -1 -1 -1 -1 0.5
101 97 Pedestrian -1 -1 0.0 417 114 447 202 2 3 5 -1 -1 -1 -1 0.5
101 98 Cyclist -1 -1 0.0 465 150 489 188 2 3 5 -1 -1 -1 -1 0.5
102 33 Car -1 -1 0.0 566 175 614 225 2 3 5 -1 -1 -1 -1 0.5
102 87 Car -1 -1 0.0 251 170 301 194 2 3 5 -1 -1 -1 -1 0.5
102 98 Cyclist -1 -1 0.0 465 150 489 188 2 3 5 -1 -1 -1 -1 0.5
103 33 Car -1 -1 0.0 568 177 614 225 2 3 5 -1 -1 -1 -1 0.5
103 87 Car -1 -1 0.0 242 171 296 197 2 3 5 -1 -1 -1 -1 0.5
103 99 Car -1 -1 0.0 313 176 345 194 2 3 5 -1 -1 -1 -1 0.5
103 100 Car -1 -1 0.0 478 177 630 215 2 3 5 -1 -1 -1 -1 0.5
103 101 Pedestrian -1 -1 0.0 37 126 61 192 2 3 5 -1 -1 -1 -1 0.5
104 33 Car -1 -1 0.0 567 178 615 224 2 3 5 -1 -1 -1 -1 0.5
104 87 Car -1 -1 0.0 233 173 289 199 2 3 5 -1 -1 -1 -1 0.5
104 99 Car -1 -1 0.0 309 177 343 195 2 3 5 -1 -1 -1 -1 0.5
104 101 Pedestrian -1 -1 0.0 37 126 61 192 2 3 5 -1 -1 -1 -1 0.5
104 102 Pedestrian -1 -1 0.0 603 176 615 208 2 3 5 -1 -1 -1 -1 0.5
105 33 Car -1 -1 0.0 567 178 615 224 2 3 5 -1 -1 -1 -1 0.5
105 87 Car -1 -1 0.0 228 174 284 200 2 3 5 -1 -1 -1 -1 0.5
105 99 Car -1 -1 0.0 291 177 335 195 2 3 5 -1 -1 -1 -1 0.5
105 102 Pedestrian -1 -1 0.0 603 176 615 208 2 3 5 -1 -1 -1 -1 0.5
106 33 Car -1 -1 0.0 568 178 614 222 2 3 5 -1 -1 -1 -1 0.5
106 87 Car -1 -1 0.0 234 173 292 199 2 3 5 -1 -1 -1 -1 0.5
106 99 Car -1 -1 0.0 284 175 332 195 2 3 5 -1 -1 -1 -1 0.5
106 103 Pedestrian -1 -1 0.0 571 179 589 209 2 3 5 -1 -1 -1 -1 0.5
107 33 Car -1 -1 0.0 570 178 614 222 2 3 5 -1 -1 -1 -1 0.5
107 87 Car -1 -1 0.0 225 173 277 199 2 3 5 -1 -1 -1 -1 0.5
107 99 Car -1 -1 0.0 280 175 330 195 2 3 5 -1 -1 -1 -1 0.5
107 104 Car -1 -1 0.0 256 174 300 202 2 3 5 -1 -1 -1 -1 0.5
107 105 Car -1 -1 0.0 73 162 145 194 2 3 5 -1 -1 -1 -1 0.5
108 33 Car -1 -1 0.0 573 178 617 222 2 3 5 -1 -1 -1 -1 0.5
108 87 Car -1 -1 0.0 213 173 265 201 2 3 5 -1 -1 -1 -1 0.5
108 99 Car -1 -1 0.0 279 174 325 194 2 3 5 -1 -1 -1 -1 0.5
108 104 Car -1 -1 0.0 245 174 295 198 2 3 5 -1 -1 -1 -1 0.5
108 106 Pedestrian -1 -1 0.0 348 165 356 193 2 3 5 -1 -1 -1 -1 0.5
109 33 Car -1 -1 0.0 574 176 618 220 2 3 5 -1 -1 -1 -1 0.5
109 87 Car -1 -1 0.0 195 174 253 202 2 3 5 -1 -1 -1 -1 0.5
109 99 Car -1 -1 0.0 268 173 318 195 2 3 5 -1 -1 -1 -1 0.5
109 104 Car -1 -1 0.0 237 174 289 198 2 3 5 -1 -1 -1 -1 0.5
109 107 Pedestrian -1 -1 0.0 133 146 191 234 2 3 5 -1 -1 -1 -1 0.5
110 33 Car -1 -1 0.0 575 175 619 219 2 3 5 -1 -1 -1 -1 0.5
110 87 Car -1 -1 0.0 182 174 242 202 2 3 5 -1 -1 -1 -1 0.5
110 99 Car -1 -1 0.0 266 174 314 196 2 3 5 -1 -1 -1 -1 0.5
110 104 Car -1 -1 0.0 230 173 284 199 2 3 5 -1 -1 -1 -1 0.5
110 108 Cyclist -1 -1 0.0 44 159 322 267 2 3 5 -1 -1 -1 -1 0.5
111 33 Car -1 -1 0.0 576 174 618 218 2 3 5 -1 -1 -1 -1 0.5
111 87 Car -1 -1 0.0 169 174 231 202 2 3 5 -1 -1 -1 -1 0.5
111 99 Car -1 -1 0.0 262 174 308 196 2 3 5 -1 -1 -1 -1 0.5
111 104 Car -1 -1 0.0 222 173 274 199 2 3 5 -1 -1 -1 -1 0.5
112 33 Car -1 -1 0.0 576 175 618 217 2 3 5 -1 -1 -1 -1 0.5
112 87 Car -1 -1 0.0 154 174 218 204 2 3 5 -1 -1 -1 -1 0.5
112 99 Car -1 -1 0.0 256 175 304 197 2 3 5 -1 -1 -1 -1 0.5
112 104 Car -1 -1 0.0 212 175 264 201 2 3 5 -1 -1 -1 -1 0.5
112 105 Pedestrian -1 -1 0.0 521 159 533 189 2 3 5 -1 -1 -1 -1 0.5
112 106 Cyclist -1 -1 0.0 59 182 387 274 2 3 5 -1 -1 -1 -1 0.5
113 33 Car -1 -1 0.0 576 177 618 217 2 3 5 -1 -1 -1 -1 0.5
113 87 Car -1 -1 0.0 137 176 207 206 2 3 5 -1 -1 -1 -1 0.5
113 99 Car -1 -1 0.0 252 177 294 199 2 3 5 -1 -1 -1 -1 0.5
113 104 Car -1 -1 0.0 201 177 255 203 2 3 5 -1 -1 -1 -1 0.5
113 106 Cyclist -1 -1 0.0 59 182 387 274 2 3 5 -1 -1 -1 -1 0.5
114 33 Car -1 -1 0.0 576 178 618 218 2 3 5 -1 -1 -1 -1 0.5
114 87 Car -1 -1 0.0 120 177 196 209 2 3 5 -1 -1 -1 -1 0.5
114 99 Car -1 -1 0.0 241 178 287 200 2 3 5 -1 -1 -1 -1 0.5
114 104 Car -1 -1 0.0 190 179 246 205 2 3 5 -1 -1 -1 -1 0.5
114 107 Pedestrian -1 -1 0.0 408 131 432 191 2 3 5 -1 -1 -1 -1 0.5
115 33 Car -1 -1 0.0 578 179 620 219 2 3 5 -1 -1 -1 -1 0.5
115 87 Car -1 -1 0.0 104 178 184 210 2 3 5 -1 -1 -1 -1 0.5
115 99 Car -1 -1 0.0 231 178 279 202 2 3 5 -1 -1 -1 -1 0.5
115 104 Car -1 -1 0.0 180 180 238 206 2 3 5 -1 -1 -1 -1 0.5
115 107 Pedestrian -1 -1 0.0 410 138 436 188 2 3 5 -1 -1 -1 -1 0.5
115 108 Cyclist -1 -1 0.0 118 187 436 315 2 3 5 -1 -1 -1 -1 0.5
116 33 Car -1 -1 0.0 579 180 621 218 2 3 5 -1 -1 -1 -1 0.5
116 87 Car -1 -1 0.0 85 177 169 211 2 3 5 -1 -1 -1 -1 0.5
116 99 Car -1 -1 0.0 220 178 268 202 2 3 5 -1 -1 -1 -1 0.5
116 104 Car -1 -1 0.0 163 179 225 207 2 3 5 -1 -1 -1 -1 0.5
116 108 Cyclist -1 -1 0.0 118 187 436 315 2 3 5 -1 -1 -1 -1 0.5
117 33 Car -1 -1 0.0 580 178 620 216 2 3 5 -1 -1 -1 -1 0.5
117 87 Car -1 -1 0.0 67 176 155 210 2 3 5 -1 -1 -1 -1 0.5
117 99 Car -1 -1 0.0 201 176 257 202 2 3 5 -1 -1 -1 -1 0.5
117 104 Car -1 -1 0.0 150 177 216 207 2 3 5 -1 -1 -1 -1 0.5
117 108 Cyclist -1 -1 0.0 91 175 371 273 2 3 5 -1 -1 -1 -1 0.5
117 109 Car -1 -1 0.0 384 175 404 189 2 3 5 -1 -1 -1 -1 0.5
117 110 Pedestrian -1 -1 0.0 290 60 338 196 2 3 5 -1 -1 -1 -1 0.5
118 33 Car -1 -1 0.0 580 177 620 215 2 3 5 -1 -1 -1 -1 0.5
118 87 Car -1 -1 0.0 44 176 134 212 2 3 5 -1 -1 -1 -1 0.5
118 99 Car -1 -1 0.0 190 175 250 203 2 3 5 -1 -1 -1 -1 0.5
118 104 Car -1 -1 0.0 133 176 205 208 2 3 5 -1 -1 -1 -1 0.5
118 109 Car -1 -1 0.0 384 175 404 189 2 3 5 -1 -1 -1 -1 0.5
118 111 Cyclist -1 -1 0.0 200 147 266 221 2 3 5 -1 -1 -1 -1 0.5
118 112 Cyclist -1 -1 0.0 2 142 118 370 2 3 5 -1 -1 -1 -1 0.5
119 33 Car -1 -1 0.0 580 178 618 214 2 3 5 -1 -1 -1 -1 0.5
119 87 Car -1 -1 0.0 22 177 116 213 2 3 5 -1 -1 -1 -1 0.5
119 99 Car -1 -1 0.0 182 175 244 203 2 3 5 -1 -1 -1 -1 0.5
119 104 Car -1 -1 0.0 119 177 191 209 2 3 5 -1 -1 -1 -1 0.5
119 111 Cyclist -1 -1 0.0 200 147 266 221 2 3 5 -1 -1 -1 -1 0.5
120 33 Car -1 -1 0.0 579 179 617 215 2 3 5 -1 -1 -1 -1 0.5
120 87 Car -1 -1 0.0 6 178 98 216 2 3 5 -1 -1 -1 -1 0.5
120 99 Car -1 -1 0.0 181 177 237 205 2 3 5 -1 -1 -1 -1 0.5
120 104 Car -1 -1 0.0 97 179 179 213 2 3 5 -1 -1 -1 -1 0.5
120 112 Pedestrian -1 -1 0.0 283 145 305 207 2 3 5 -1 -1 -1 -1 0.5
120 113 Car -1 -1 0.0 373 179 399 195 2 3 5 -1 -1 -1 -1 0.5
121 33 Car -1 -1 0.0 579 179 617 215 2 3 5 -1 -1 -1 -1 0.5
121 87 Car -1 -1 0.0 -6 180 77 218 2 3 5 -1 -1 -1 -1 0.5
121 99 Car -1 -1 0.0 167 179 225 207 2 3 5 -1 -1 -1 -1 0.5
121 104 Car -1 -1 0.0 85 179 169 215 2 3 5 -1 -1 -1 -1 0.5
121 113 Car -1 -1 0.0 372 179 392 195 2 3 5 -1 -1 -1 -1 0.5
122 33 Car -1 -1 0.0 579 179 617 215 2 3 5 -1 -1 -1 -1 0.5
122 87 Car -1 -1 0.0 -20 180 65 220 2 3 5 -1 -1 -1 -1 0.5
122 99 Car -1 -1 0.0 148 180 214 208 2 3 5 -1 -1 -1 -1 0.5
122 104 Car -1 -1 0.0 73 180 161 216 2 3 5 -1 -1 -1 -1 0.5
122 113 Car -1 -1 0.0 369 180 391 194 2 3 5 -1 -1 -1 -1 0.5
123 33 Car -1 -1 0.0 579 179 617 213 2 3 5 -1 -1 -1 -1 0.5
123 87 Car -1 -1 0.0 -33 181 52 221 2 3 5 -1 -1 -1 -1 0.5
123 99 Car -1 -1 0.0 133 179 203 209 2 3 5 -1 -1 -1 -1 0.5
123 104 Car -1 -1 0.0 50 178 140 216 2 3 5 -1 -1 -1 -1 0.5
124 33 Car -1 -1 0.0 579 179 617 213 2 3 5 -1 -1 -1 -1 0.5
124 87 Car -1 -1 0.0 -46 181 41 221 2 3 5 -1 -1 -1 -1 0.5
124 99 Car -1 -1 0.0 113 179 187 211 2 3 5 -1 -1 -1 -1 0.5
124 104 Car -1 -1 0.0 26 177 124 217 2 3 5 -1 -1 -1 -1 0.5
124 105 Car -1 -1 0.0 357 177 385 193 2 3 5 -1 -1 -1 -1 0.5
124 106 Pedestrian -1 -1 0.0 516 139 530 191 2 3 5 -1 -1 -1 -1 0.5
125 33 Car -1 -1 0.0 580 180 616 214 2 3 5 -1 -1 -1 -1 0.5
125 87 Car -1 -1 0.0 -60 181 29 223 2 3 5 -1 -1 -1 -1 0.5
125 99 Car -1 -1 0.0 96 179 176 213 2 3 5 -1 -1 -1 -1 0.5
125 104 Car -1 -1 0.0 6 178 98 218 2 3 5 -1 -1 -1 -1 0.5
125 106 Pedestrian -1 -1 0.0 516 139 530 191 2 3 5 -1 -1 -1 -1 0.5
125 107 Cyclist -1 -1 0.0 536 163 546 185 2 3 5 -1 -1 -1 -1 0.5
125 108 Car -1 -1 0.0 22 151 180 225 2 3 5 -1 -1 -1 -1 0.5
125 109 Cyclist -1 -1 0.0 259 55 269 77 2 3 5 -1 -1 -1 -1 0.5
126 33 Car -1 -1 0.0 581 180 617 214 2 3 5 -1 -1 -1 -1 0.5
126 99 Car -1 -1 0.0 72 180 162 214 2 3 5 -1 -1 -1 -1 0.5
126 104 Car -1 -1 0.0 -6 179 71 221 2 3 5 -1 -1 -1 -1 0.5
126 107 Cyclist -1 -1 0.0 536 163 546 185 2 3 5 -1 -1 -1 -1 0.5
126 109 Cyclist -1 -1 0.0 259 55 269 77 2 3 5 -1 -1 -1 -1 0.5
126 110 Cyclist -1 -1 0.0 728 230 920 344 2 3 5 -1 -1 -1 -1 0.5
127 33 Car -1 -1 0.0 582 181 618 213 2 3 5 -1 -1 -1 -1 0.5
127 99 Car -1 -1 0.0 47 179 143 215 2 3 5 -1 -1 -1 -1 0.5
127 104 Car -1 -1 0.0 -21 180 58 222 2 3 5 -1 -1 -1 -1 0.5
127 109 Cyclist -1 -1 0.0 259 55 269 77 2 3 5 -1 -1 -1 -1 0.5
128 33 Car -1 -1 0.0 582 180 618 212 2 3 5 -1 -1 -1 -1 0.5
128 99 Car -1 -1 0.0 24 179 122 217 2 3 5 -1 -1 -1 -1 0.5
128 104 Car -1 -1 0.0 -35 181 44 223 2 3 5 -1 -1 -1 -1 0.5
128 110 Cyclist -1 -1 0.0 778 247 1176 365 2 3 5 -1 -1 -1 -1 0.5
128 111 Car -1 -1 0.0 462 174 484 194 2 3 5 -1 -1 -1 -1 0.5
129 33 Car -1 -1 0.0 583 179 619 211 2 3 5 -1 -1 -1 -1 0.5
129 99 Car -1 -1 0.0 7 177 103 217 2 3 5 -1 -1 -1 -1 0.5
129 104 Car -1 -1 0.0 -26 180 35 222 2 3 5 -1 -1 -1 -1 0.5
129 110 Cyclist -1 -1 0.0 787 278 1149 374 2 3 5 -1 -1 -1 -1 0.5
130 33 Car -1 -1 0.0 583 178 619 212 2 3 5 -1 -1 -1 -1 0.5
130 99 Car -1 -1 0.0 -5 177 84 217 2 3 5 -1 -1 -1 -1 0.5
130 104 Car -1 -1 0.0 -39 180 22 224 2 3 5 -1 -1 -1 -1 0.5
131 33 Car -1 -1 0.0 584 179 620 211 2 3 5 -1 -1 -1 -1 0.5
131 99 Car -1 -1 0.0 -15 176 62 218 2 3 5 -1 -1 -1 -1 0.5
131 104 Car -1 -1 0.0 -52 181 9 225 2 3 5 -1 -1 -1 -1 0.5
131 105 Car -1 -1 0.0 328 176 358 194 2 3 5 -1 -1 -1 -1 0.5
132 33 Car -1 -1 0.0 583 178 619 210 2 3 5 -1 -1 -1 -1 0.5
132 99 Car -1 -1 0.0 -29 177 50 219 2 3 5 -1 -1 -1 -1 0.5
132 104 Car -1 -1 0.0 -64 180 -2 226 2 3 5 -1 -1 -1 -1 0.5
132 105 Car -1 -1 0.0 326 176 356 194 2 3 5 -1 -1 -1 -1 0.5
133 33 Car -1 -1 0.0 583 178 619 210 2 3 5 -1 -1 -1 -1 0.5
133 99 Car -1 -1 0.0 -43 176 36 220 2 3 5 -1 -1 -1 -1 0.5
133 104 Car -1 -1 0.0 -77 181 -15 227 2 3 5 -1 -1 -1 -1 0.5
133 105 Car -1 -1 0.0 325 176 353 194 2 3 5 -1 -1 -1 -1 0.5
133 106 Pedestrian -1 -1 0.0 921 105 975 251 2 3 5 -1 -1 -1 -1 0.5
133 107 Pedestrian -1 -1 0.0 944 109 962 169 2 3 5 -1 -1 -1 -1 0.5
134 33 Car -1 -1 0.0 584 176 620 210 2 3 5 -1 -1 -1 -1 0.5
134 99 Car -1 -1 0.0 -57 177 24 221 2 3 5 -1 -1 -1 -1 0.5
134 105 Car -1 -1 0.0 320 176 352 194 2 3 5 -1 -1 -1 -1 0.5
134 107 Pedestrian -1 -1 0.0 944 109 962 169 2 3 5 -1 -1 -1 -1 0.5
134 108 Pedestrian -1 -1 0.0 564 70 576 92 2 3 5 -1 -1 -1 -1 0.5
134 109 Car -1 -1 0.0 5 166 47 212 2 3 5 -1 -1 -1 -1 0.5
135 33 Car -1 -1 0.0 587 175 623 209 2 3 5 -1 -1 -1 -1 0.5
135 99 Car -1 -1 0.0 -70 176 11 222 2 3 5 -1 -1 -1 -1 0.5
135 105 Car -1 -1 0.0 312 176 348 194 2 3 5 -1 -1 -1 -1 0.5
135 108 Pedestrian -1 -1 0.0 564 70 576 92 2 3 5 -1 -1 -1 -1 0.5
135 109 Car -1 -1 0.0 2 174 34 204 2 3 5 -1 -1 -1 -1 0.5
136 33 Car -1 -1 0.0 587 174 623 208 2 3 5 -1 -1 -1 -1 0.5
136 105 Car -1 -1 0.0 308 175 342 193 2 3 5 -1 -1 -1 -1 0.5
136 109 Car -1 -1 0.0 2 174 34 204 2 3 5 -1 -1 -1 -1 0.5
137 33 Car -1 -1 0.0 587 170 623 206 2 3 5 -1 -1 -1 -1 0.5
137 105 Car -1 -1 0.0 302 172 340 192 2 3 5 -1 -1 -1 -1 0.5
138 33 Car -1 -1 0.0 587 169 623 205 2 3 5 -1 -1 -1 -1 0.5
138 105 Car -1 -1 0.0 292 171 332 191 2 3 5 -1 -1 -1 -1 0.5
138 106 Pedestrian -1 -1 0.0 327 130 379 192 2 3 5 -1 -1 -1 -1 0.5
138 107 Cyclist -1 -1 0.0 77 141 153 255 2 3 5 -1 -1 -1 -1 0.5
139 33 Car -1 -1 0.0 588 170 624 206 2 3 5 -1 -1 -1 -1 0.5
139 105 Car -1 -1 0.0 282 173 324 193 2 3 5 -1 -1 -1 -1 0.5
139 106 Pedestrian -1 -1 0.0 320 109 360 199 2 3 5 -1 -1 -1 -1 0.5
140 33 Car -1 -1 0.0 587 172 623 208 2 3 5 -1 -1 -1 -1 0.5
140 105 Car -1 -1 0.0 276 175 322 197 2 3 5 -1 -1 -1 -1 0.5
140 107 Pedestrian -1 -1 0.0 1006 48 1026 104 2 3 5 -1 -1 -1 -1 0.5
140 108 Cyclist -1 -1 0.0 411 153 423 187 2 3 5 -1 -1 -1 -1 0.5
141 33 Car -1 -1 0.0 586 176 624 210 2 3 5 -1 -1 -1 -1 0.5
141 105 Car -1 -1 0.0 265 176 319 200 2 3 5 -1 -1 -1 -1 0.5
141 108 Cyclist -1 -1 0.0 411 153 423 187 2 3 5 -1 -1 -1 -1 0.5
141 109 Pedestrian -1 -1 0.0 295 112 349 214 2 3 5 -1 -1 -1 -1 0.5
141 110 Car -1 -1 0.0 269 181 291 203 2 3 5 -1 -1 -1 -1 0.5
142 33 Car -1 -1 0.0 586 175 624 211 2 3 5 -1 -1 -1 -1 0.5
142 105 Car -1 -1 0.0 259 177 315 201 2 3 5 -1 -1 -1 -1 0.5
142 109 Pedestrian -1 -1 0.0 279 104 325 210 2 3 5 -1 -1 -1 -1 0.5
142 111 Pedestrian -1 -1 0.0 1150 257 1240 373 2 3 5 -1 -1 -1 -1 0.5
143 33 Car -1 -1 0.0 586 175 624 211 2 3 5 -1 -1 -1 -1 0.5
143 105 Car -1 -1 0.0 253 177 311 201 2 3 5 -1 -1 -1 -1 0.5
143 111 Pedestrian -1 -1 0.0 1150 257 1240 373 2 3 5 -1 -1 -1 -1 0.5
143 112 Pedestrian -1 -1 0.0 961 235 1089 369 2 3 5 -1 -1 -1 -1 0.5
143 113 Pedestrian -1 -1 0.0 234 85 284 207 2 3 5 -1 -1 -1 -1 0.5
