0 0 Car -1 -1 0.0 277 207 409 285 2 3 5 -1 -1 -1 -1 0.5
0 1 Car -1 -1 0.0 322 183 524 287 2 3 5 -1 -1 -1 -1 0.5
1 1 Car -1 -1 0.0 208 183 492 287 2 3 5 -1 -1 -1 -1 0.5
1 2 Pedestrian -1 -1 0.0 972 168 994 222 2 3 5 -1 -1 -1 -1 0.5
2 1 Car -1 -1 0.0 170 180 452 300 2 3 5 -1 -1 -1 -1 0.5
3 1 Car -1 -1 0.0 102 184 412 310 2 3 5 -1 -1 -1 -1 0.5
3 2 Car -1 -1 0.0 18 167 150 341 2 3 5 -1 -1 -1 -1 0.5
4 1 Car -1 -1 0.0 43 186 361 320 2 3 5 -1 -1 -1 -1 0.5
5 1 Car -1 -1 0.0 0 187 288 331 2 3 5 -1 -1 -1 -1 0.5
6 1 Car -1 -1 0.0 -22 188 223 342 2 3 5 -1 -1 -1 -1 0.5
6 2 Car -1 -1 0.0 1117 176 1239 218 2 3 5 -1 -1 -1 -1 0.5
7 1 Car -1 -1 0.0 -52 190 185 350 2 3 5 -1 -1 -1 -1 0.5
7 2 Car -1 -1 0.0 1108 173 1234 219 2 3 5 -1 -1 -1 -1 0.5
8 1 Car -1 -1 0.0 -83 192 146 356 2 3 5 -1 -1 -1 -1 0.5
8 2 Car -1 -1 0.0 1099 171 1225 219 2 3 5 -1 -1 -1 -1 0.5
9 1 Car -1 -1 0.0 -114 194 107 362 2 3 5 -1 -1 -1 -1 0.5
9 2 Car -1 -1 0.0 1077 174 1199 218 2 3 5 -1 -1 -1 -1 0.5
9 3 Cyclist -1 -1 0.0 1128 175 1176 223 2 3 5 -1 -1 -1 -1 0.5
10 1 Car -1 -1 0.0 -144 195 69 369 2 3 5 -1 -1 -1 -1 0.5
10 2 Car -1 -1 0.0 1040 175 1170 217 2 3 5 -1 -1 -1 -1 0.5
10 3 Cyclist -1 -1 0.0 1102 171 1176 215 2 3 5 -1 -1 -1 -1 0.5
10 4 Cyclist -1 -1 0.0 1017 161 1051 217 2 3 5 -1 -1 -1 -1 0.5
11 2 Car -1 -1 0.0 1010 176 1140 216 2 3 5 -1 -1 -1 -1 0.5
11 4 Cyclist -1 -1 0.0 1017 161 1051 217 2 3 5 -1 -1 -1 -1 0.5
12 2 Car -1 -1 0.0 981 176 1101 214 2 3 5 -1 -1 -1 -1 0.5
12 5 Pedestrian -1 -1 0.0 965 169 991 223 2 3 5 -1 -1 -1 -1 0.5
13 2 Car -1 -1 0.0 956 176 1072 212 2 3 5 -1 -1 -1 -1 0.5
14 2 Car -1 -1 0.0 923 175 1039 211 2 3 5 -1 -1 -1 -1 0.5
15 2 Car -1 -1 0.0 896 174 1008 210 2 3 5 -1 -1 -1 -1 0.5
15 3 Car -1 -1 0.0 918 167 956 205 2 3 5 -1 -1 -1 -1 0.5
16 2 Car -1 -1 0.0 873 175 979 209 2 3 5 -1 -1 -1 -1 0.5
17 2 Car -1 -1 0.0 852 176 952 208 2 3 5 -1 -1 -1 -1 0.5
18 2 Car -1 -1 0.0 830 175 926 207 2 3 5 -1 -1 -1 -1 0.5
19 2 Car -1 -1 0.0 813 175 905 205 2 3 5 -1 -1 -1 -1 0.5
20 2 Car -1 -1 0.0 796 175 886 205 2 3 5 -1 -1 -1 -1 0.5
21 2 Car -1 -1 0.0 783 174 867 204 2 3 5 -1 -1 -1 -1 0.5
22 2 Car -1 -1 0.0 768 174 848 202 2 3 5 -1 -1 -1 -1 0.5
23 2 Car -1 -1 0.0 755 174 831 200 2 3 5 -1 -1 -1 -1 0.5
24 2 Car -1 -1 0.0 744 173 816 199 2 3 5 -1 -1 -1 -1 0.5
25 2 Car -1 -1 0.0 733 174 799 198 2 3 5 -1 -1 -1 -1 0.5
25 3 Car -1 -1 0.0 788 179 814 199 2 3 5 -1 -1 -1 -1 0.5
26 2 Car -1 -1 0.0 722 174 786 198 2 3 5 -1 -1 -1 -1 0.5
27 2 Car -1 -1 0.0 714 175 776 197 2 3 5 -1 -1 -1 -1 0.5
28 2 Car -1 -1 0.0 705 173 763 197 2 3 5 -1 -1 -1 -1 0.5
29 2 Car -1 -1 0.0 697 174 753 196 2 3 5 -1 -1 -1 -1 0.5
30 2 Car -1 -1 0.0 692 174 744 196 2 3 5 -1 -1 -1 -1 0.5
31 2 Car -1 -1 0.0 684 175 736 195 2 3 5 -1 -1 -1 -1 0.5
32 2 Car -1 -1 0.0 678 174 726 194 2 3 5 -1 -1 -1 -1 0.5
33 2 Car -1 -1 0.0 673 174 719 194 2 3 5 -1 -1 -1 -1 0.5
33 3 Pedestrian -1 -1 0.0 965 173 983 217 2 3 5 -1 -1 -1 -1 0.5
34 2 Car -1 -1 0.0 670 173 714 193 2 3 5 -1 -1 -1 -1 0.5
34 3 Pedestrian -1 -1 0.0 967 171 989 219 2 3 5 -1 -1 -1 -1 0.5
35 2 Car -1 -1 0.0 667 172 707 192 2 3 5 -1 -1 -1 -1 0.5
36 2 Car -1 -1 0.0 663 173 701 191 2 3 5 -1 -1 -1 -1 0.5
36 3 Cyclist -1 -1 0.0 669 148 721 196 2 3 5 -1 -1 -1 -1 0.5
37 2 Car -1 -1 0.0 652 173 688 191 2 3 5 -1 -1 -1 -1 0.5
37 4 Car -1 -1 0.0 679 174 707 194 2 3 5 -1 -1 -1 -1 0.5
37 5 Car -1 -1 0.0 1058 194 1232 370 2 3 5 -1 -1 -1 -1 0.5
38 2 Car -1 -1 0.0 642 172 674 190 2 3 5 -1 -1 -1 -1 0.5
38 4 Car -1 -1 0.0 676 171 704 193 2 3 5 -1 -1 -1 -1 0.5
38 5 Car -1 -1 0.0 1015 184 1229 372 2 3 5 -1 -1 -1 -1 0.5
38 6 Cyclist -1 -1 0.0 665 153 705 195 2 3 5 -1 -1 -1 -1 0.5
39 2 Car -1 -1 0.0 631 173 661 189 2 3 5 -1 -1 -1 -1 0.5
39 4 Car -1 -1 0.0 671 172 701 192 2 3 5 -1 -1 -1 -1 0.5
39 5 Car -1 -1 0.0 985 186 1231 372 2 3 5 -1 -1 -1 -1 0.5
40 2 Car -1 -1 0.0 621 172 647 188 2 3 5 -1 -1 -1 -1 0.5
40 4 Car -1 -1 0.0 669 172 697 192 2 3 5 -1 -1 -1 -1 0.5
40 5 Car -1 -1 0.0 952 184 1228 370 2 3 5 -1 -1 -1 -1 0.5
41 4 Car -1 -1 0.0 668 172 696 192 2 3 5 -1 -1 -1 -1 0.5
41 5 Car -1 -1 0.0 923 187 1227 371 2 3 5 -1 -1 -1 -1 0.5
41 6 Cyclist -1 -1 0.0 900 172 1180 258 2 3 5 -1 -1 -1 -1 0.5
42 4 Car -1 -1 0.0 662 171 692 191 2 3 5 -1 -1 -1 -1 0.5
42 5 Car -1 -1 0.0 894 188 1212 372 2 3 5 -1 -1 -1 -1 0.5
42 7 Car -1 -1 0.0 1114 178 1230 326 2 3 5 -1 -1 -1 -1 0.5
43 4 Car -1 -1 0.0 658 172 686 190 2 3 5 -1 -1 -1 -1 0.5
43 5 Car -1 -1 0.0 856 191 1172 367 2 3 5 -1 -1 -1 -1 0.5
43 7 Car -1 -1 0.0 1136 186 1240 326 2 3 5 -1 -1 -1 -1 0.5
44 4 Car -1 -1 0.0 658 172 684 188 2 3 5 -1 -1 -1 -1 0.5
44 5 Car -1 -1 0.0 815 187 1121 351 2 3 5 -1 -1 -1 -1 0.5
44 7 Car -1 -1 0.0 1113 166 1235 320 2 3 5 -1 -1 -1 -1 0.5
45 4 Car -1 -1 0.0 655 172 681 188 2 3 5 -1 -1 -1 -1 0.5
45 5 Car -1 -1 0.0 785 185 1061 335 2 3 5 -1 -1 -1 -1 0.5
45 7 Car -1 -1 0.0 1089 170 1233 316 2 3 5 -1 -1 -1 -1 0.5
46 4 Car -1 -1 0.0 654 172 678 188 2 3 5 -1 -1 -1 -1 0.5
46 5 Car -1 -1 0.0 763 184 1013 320 2 3 5 -1 -1 -1 -1 0.5
46 7 Car -1 -1 0.0 1067 174 1229 308 2 3 5 -1 -1 -1 -1 0.5
47 4 Car -1 -1 0.0 651 172 675 188 2 3 5 -1 -1 -1 -1 0.5
47 5 Car -1 -1 0.0 747 182 971 306 2 3 5 -1 -1 -1 -1 0.5
47 7 Car -1 -1 0.0 1031 177 1221 301 2 3 5 -1 -1 -1 -1 0.5
47 8 Pedestrian -1 -1 0.0 1213 211 1237 303 2 3 5 -1 -1 -1 -1 0.5
48 4 Car -1 -1 0.0 648 172 672 188 2 3 5 -1 -1 -1 -1 0.5
48 5 Car -1 -1 0.0 736 181 932 293 2 3 5 -1 -1 -1 -1 0.5
48 7 Car -1 -1 0.0 992 178 1208 292 2 3 5 -1 -1 -1 -1 0.5
49 4 Car -1 -1 0.0 647 172 671 188 2 3 5 -1 -1 -1 -1 0.5
49 5 Car -1 -1 0.0 726 182 902 282 2 3 5 -1 -1 -1 -1 0.5
49 7 Car -1 -1 0.0 960 178 1180 286 2 3 5 -1 -1 -1 -1 0.5
50 4 Car -1 -1 0.0 645 172 669 188 2 3 5 -1 -1 -1 -1 0.5
50 5 Car -1 -1 0.0 715 181 871 273 2 3 5 -1 -1 -1 -1 0.5
50 7 Car -1 -1 0.0 925 177 1145 275 2 3 5 -1 -1 -1 -1 0.5
50 8 Pedestrian -1 -1 0.0 982 113 1034 269 2 3 5 -1 -1 -1 -1 0.5
50 9 Pedestrian -1 -1 0.0 1074 198 1102 274 2 3 5 -1 -1 -1 -1 0.5
51 4 Car -1 -1 0.0 643 172 667 188 2 3 5 -1 -1 -1 -1 0.5
51 5 Car -1 -1 0.0 711 179 845 265 2 3 5 -1 -1 -1 -1 0.5
51 7 Car -1 -1 0.0 900 178 1108 266 2 3 5 -1 -1 -1 -1 0.5
51 9 Pedestrian -1 -1 0.0 1074 198 1102 274 2 3 5 -1 -1 -1 -1 0.5
52 4 Car -1 -1 0.0 641 171 663 187 2 3 5 -1 -1 -1 -1 0.5
52 5 Car -1 -1 0.0 702 179 820 255 2 3 5 -1 -1 -1 -1 0.5
52 7 Car -1 -1 0.0 878 178 1074 258 2 3 5 -1 -1 -1 -1 0.5
53 4 Car -1 -1 0.0 639 171 661 187 2 3 5 -1 -1 -1 -1 0.5
53 5 Car -1 -1 0.0 695 180 799 248 2 3 5 -1 -1 -1 -1 0.5
53 7 Car -1 -1 0.0 857 179 1039 251 2 3 5 -1 -1 -1 -1 0.5
53 8 Pedestrian -1 -1 0.0 986 199 1008 253 2 3 5 -1 -1 -1 -1 0.5
53 9 Pedestrian -1 -1 0.0 913 170 943 250 2 3 5 -1 -1 -1 -1 0.5
54 4 Car -1 -1 0.0 637 171 659 187 2 3 5 -1 -1 -1 -1 0.5
54 5 Car -1 -1 0.0 692 179 780 241 2 3 5 -1 -1 -1 -1 0.5
54 7 Car -1 -1 0.0 843 177 1007 243 2 3 5 -1 -1 -1 -1 0.5
54 9 Pedestrian -1 -1 0.0 896 176 926 244 2 3 5 -1 -1 -1 -1 0.5
54 10 Car -1 -1 0.0 1129 190 1227 320 2 3 5 -1 -1 -1 -1 0.5
55 4 Car -1 -1 0.0 634 172 656 186 2 3 5 -1 -1 -1 -1 0.5
55 5 Car -1 -1 0.0 688 178 762 234 2 3 5 -1 -1 -1 -1 0.5
55 7 Car -1 -1 0.0 830 177 982 237 2 3 5 -1 -1 -1 -1 0.5
55 10 Car -1 -1 0.0 1115 188 1231 322 2 3 5 -1 -1 -1 -1 0.5
55 11 Car -1 -1 0.0 849 193 893 235 2 3 5 -1 -1 -1 -1 0.5
56 4 Car -1 -1 0.0 633 172 653 186 2 3 5 -1 -1 -1 -1 0.5
56 5 Car -1 -1 0.0 684 178 748 228 2 3 5 -1 -1 -1 -1 0.5
56 7 Car -1 -1 0.0 818 177 954 233 2 3 5 -1 -1 -1 -1 0.5
56 10 Car -1 -1 0.0 1104 179 1234 339 2 3 5 -1 -1 -1 -1 0.5
56 12 Car -1 -1 0.0 1128 163 1228 229 2 3 5 -1 -1 -1 -1 0.5
57 5 Car -1 -1 0.0 681 178 735 224 2 3 5 -1 -1 -1 -1 0.5
57 7 Car -1 -1 0.0 807 177 931 229 2 3 5 -1 -1 -1 -1 0.5
57 10 Car -1 -1 0.0 1074 175 1232 353 2 3 5 -1 -1 -1 -1 0.5
57 12 Car -1 -1 0.0 1109 177 1233 241 2 3 5 -1 -1 -1 -1 0.5
57 13 Pedestrian -1 -1 0.0 907 182 929 234 2 3 5 -1 -1 -1 -1 0.5
57 14 Car -1 -1 0.0 949 201 1207 285 2 3 5 -1 -1 -1 -1 0.5
58 5 Car -1 -1 0.0 678 179 724 219 2 3 5 -1 -1 -1 -1 0.5
58 7 Car -1 -1 0.0 797 177 911 225 2 3 5 -1 -1 -1 -1 0.5
58 10 Car -1 -1 0.0 1026 175 1220 361 2 3 5 -1 -1 -1 -1 0.5
58 13 Pedestrian -1 -1 0.0 907 182 929 234 2 3 5 -1 -1 -1 -1 0.5
58 14 Car -1 -1 0.0 1025 189 1239 267 2 3 5 -1 -1 -1 -1 0.5
59 5 Car -1 -1 0.0 667 178 701 212 2 3 5 -1 -1 -1 -1 0.5
59 7 Car -1 -1 0.0 786 177 892 221 2 3 5 -1 -1 -1 -1 0.5
59 10 Car -1 -1 0.0 965 178 1205 368 2 3 5 -1 -1 -1 -1 0.5
59 14 Car -1 -1 0.0 1004 181 1236 263 2 3 5 -1 -1 -1 -1 0.5
59 15 Car -1 -1 0.0 682 178 742 224 2 3 5 -1 -1 -1 -1 0.5
60 5 Car -1 -1 0.0 655 178 677 204 2 3 5 -1 -1 -1 -1 0.5
60 7 Car -1 -1 0.0 781 177 873 217 2 3 5 -1 -1 -1 -1 0.5
60 10 Car -1 -1 0.0 927 176 1211 372 2 3 5 -1 -1 -1 -1 0.5
60 14 Car -1 -1 0.0 1013 180 1233 268 2 3 5 -1 -1 -1 -1 0.5
60 15 Car -1 -1 0.0 681 176 737 222 2 3 5 -1 -1 -1 -1 0.5
61 5 Car -1 -1 0.0 644 177 654 197 2 3 5 -1 -1 -1 -1 0.5
61 7 Car -1 -1 0.0 776 178 860 216 2 3 5 -1 -1 -1 -1 0.5
61 10 Car -1 -1 0.0 876 180 1214 376 2 3 5 -1 -1 -1 -1 0.5
61 14 Car -1 -1 0.0 984 181 1212 271 2 3 5 -1 -1 -1 -1 0.5
61 15 Car -1 -1 0.0 676 175 730 219 2 3 5 -1 -1 -1 -1 0.5
61 16 Car -1 -1 0.0 786 194 816 218 2 3 5 -1 -1 -1 -1 0.5
61 17 Cyclist -1 -1 0.0 891 175 963 281 2 3 5 -1 -1 -1 -1 0.5
62 5 Car -1 -1 0.0 632 177 630 189 2 3 5 -1 -1 -1 -1 0.5
62 7 Car -1 -1 0.0 769 178 845 212 2 3 5 -1 -1 -1 -1 0.5
62 10 Car -1 -1 0.0 846 180 1210 380 2 3 5 -1 -1 -1 -1 0.5
62 14 Car -1 -1 0.0 948 180 1182 272 2 3 5 -1 -1 -1 -1 0.5
62 15 Car -1 -1 0.0 673 176 725 218 2 3 5 -1 -1 -1 -1 0.5
62 17 Cyclist -1 -1 0.0 891 175 963 281 2 3 5 -1 -1 -1 -1 0.5
62 18 Car -1 -1 0.0 813 194 1241 374 2 3 5 -1 -1 -1 -1 0.5
62 19 Car -1 -1 0.0 1130 195 1240 373 2 3 5 -1 -1 -1 -1 0.5
63 7 Car -1 -1 0.0 761 178 833 210 2 3 5 -1 -1 -1 -1 0.5
63 10 Car -1 -1 0.0 816 181 1204 385 2 3 5 -1 -1 -1 -1 0.5
63 14 Car -1 -1 0.0 905 180 1141 272 2 3 5 -1 -1 -1 -1 0.5
63 15 Car -1 -1 0.0 670 176 720 216 2 3 5 -1 -1 -1 -1 0.5
63 18 Car -1 -1 0.0 798 198 1168 372 2 3 5 -1 -1 -1 -1 0.5
63 20 Car -1 -1 0.0 649 175 833 215 2 3 5 -1 -1 -1 -1 0.5
63 21 Pedestrian -1 -1 0.0 780 141 814 217 2 3 5 -1 -1 -1 -1 0.5
64 7 Car -1 -1 0.0 757 178 821 208 2 3 5 -1 -1 -1 -1 0.5
64 10 Car -1 -1 0.0 787 181 1199 389 2 3 5 -1 -1 -1 -1 0.5
64 14 Car -1 -1 0.0 878 179 1096 267 2 3 5 -1 -1 -1 -1 0.5
64 15 Car -1 -1 0.0 666 176 714 214 2 3 5 -1 -1 -1 -1 0.5
64 18 Car -1 -1 0.0 775 194 1119 364 2 3 5 -1 -1 -1 -1 0.5
64 21 Pedestrian -1 -1 0.0 780 141 814 217 2 3 5 -1 -1 -1 -1 0.5
64 22 Car -1 -1 0.0 933 182 985 204 2 3 5 -1 -1 -1 -1 0.5
65 7 Car -1 -1 0.0 752 178 810 206 2 3 5 -1 -1 -1 -1 0.5
65 10 Car -1 -1 0.0 756 183 1194 393 2 3 5 -1 -1 -1 -1 0.5
65 14 Car -1 -1 0.0 859 179 1061 261 2 3 5 -1 -1 -1 -1 0.5
65 15 Car -1 -1 0.0 662 176 708 212 2 3 5 -1 -1 -1 -1 0.5
65 18 Car -1 -1 0.0 773 190 1079 354 2 3 5 -1 -1 -1 -1 0.5
65 22 Car -1 -1 0.0 933 182 985 204 2 3 5 -1 -1 -1 -1 0.5
65 23 Car -1 -1 0.0 950 186 1018 236 2 3 5 -1 -1 -1 -1 0.5
66 7 Car -1 -1 0.0 746 177 798 205 2 3 5 -1 -1 -1 -1 0.5
66 14 Car -1 -1 0.0 855 177 1023 251 2 3 5 -1 -1 -1 -1 0.5
66 15 Car -1 -1 0.0 660 176 700 210 2 3 5 -1 -1 -1 -1 0.5
66 18 Car -1 -1 0.0 763 188 1031 340 2 3 5 -1 -1 -1 -1 0.5
66 23 Car -1 -1 0.0 950 186 1018 236 2 3 5 -1 -1 -1 -1 0.5
67 7 Car -1 -1 0.0 737 178 787 204 2 3 5 -1 -1 -1 -1 0.5
67 14 Car -1 -1 0.0 839 176 985 250 2 3 5 -1 -1 -1 -1 0.5
67 15 Car -1 -1 0.0 656 176 696 208 2 3 5 -1 -1 -1 -1 0.5
67 18 Car -1 -1 0.0 746 183 982 321 2 3 5 -1 -1 -1 -1 0.5
67 24 Car -1 -1 0.0 900 190 974 230 2 3 5 -1 -1 -1 -1 0.5
68 7 Car -1 -1 0.0 734 179 782 203 2 3 5 -1 -1 -1 -1 0.5
68 14 Car -1 -1 0.0 831 175 955 241 2 3 5 -1 -1 -1 -1 0.5
68 15 Car -1 -1 0.0 654 176 690 206 2 3 5 -1 -1 -1 -1 0.5
68 18 Car -1 -1 0.0 732 182 940 306 2 3 5 -1 -1 -1 -1 0.5
68 25 Pedestrian -1 -1 0.0 965 170 987 220 2 3 5 -1 -1 -1 -1 0.5
69 7 Car -1 -1 0.0 727 179 775 201 2 3 5 -1 -1 -1 -1 0.5
69 14 Car -1 -1 0.0 823 175 929 237 2 3 5 -1 -1 -1 -1 0.5
69 15 Car -1 -1 0.0 651 176 687 204 2 3 5 -1 -1 -1 -1 0.5
69 18 Car -1 -1 0.0 719 181 899 293 2 3 5 -1 -1 -1 -1 0.5
70 7 Car -1 -1 0.0 721 179 767 201 2 3 5 -1 -1 -1 -1 0.5
70 14 Car -1 -1 0.0 813 174 903 230 2 3 5 -1 -1 -1 -1 0.5
70 15 Car -1 -1 0.0 648 176 682 204 2 3 5 -1 -1 -1 -1 0.5
70 18 Car -1 -1 0.0 711 180 861 280 2 3 5 -1 -1 -1 -1 0.5
70 19 Car -1 -1 0.0 1124 120 1240 366 2 3 5 -1 -1 -1 -1 0.5
70 20 Car -1 -1 0.0 1005 191 1201 365 2 3 5 -1 -1 -1 -1 0.5
71 7 Car -1 -1 0.0 710 180 752 198 2 3 5 -1 -1 -1 -1 0.5
71 14 Car -1 -1 0.0 799 174 879 226 2 3 5 -1 -1 -1 -1 0.5
71 15 Car -1 -1 0.0 645 176 677 202 2 3 5 -1 -1 -1 -1 0.5
71 18 Car -1 -1 0.0 704 181 836 269 2 3 5 -1 -1 -1 -1 0.5
71 19 Car -1 -1 0.0 1145 199 1241 363 2 3 5 -1 -1 -1 -1 0.5
71 20 Car -1 -1 0.0 1012 193 1220 371 2 3 5 -1 -1 -1 -1 0.5
72 7 Car -1 -1 0.0 700 179 736 195 2 3 5 -1 -1 -1 -1 0.5
72 14 Car -1 -1 0.0 785 174 857 222 2 3 5 -1 -1 -1 -1 0.5
72 15 Car -1 -1 0.0 642 175 674 201 2 3 5 -1 -1 -1 -1 0.5
72 18 Car -1 -1 0.0 697 179 811 259 2 3 5 -1 -1 -1 -1 0.5
72 20 Car -1 -1 0.0 973 190 1217 372 2 3 5 -1 -1 -1 -1 0.5
72 21 Pedestrian -1 -1 0.0 1045 154 1097 296 2 3 5 -1 -1 -1 -1 0.5
73 7 Car -1 -1 0.0 689 180 721 192 2 3 5 -1 -1 -1 -1 0.5
73 14 Car -1 -1 0.0 775 175 841 219 2 3 5 -1 -1 -1 -1 0.5
73 15 Car -1 -1 0.0 640 174 670 200 2 3 5 -1 -1 -1 -1 0.5
73 18 Car -1 -1 0.0 691 179 789 251 2 3 5 -1 -1 -1 -1 0.5
73 20 Car -1 -1 0.0 952 188 1222 372 2 3 5 -1 -1 -1 -1 0.5
74 7 Car -1 -1 0.0 679 180 705 188 2 3 5 -1 -1 -1 -1 0.5
74 14 Car -1 -1 0.0 765 174 825 216 2 3 5 -1 -1 -1 -1 0.5
74 15 Car -1 -1 0.0 637 175 667 199 2 3 5 -1 -1 -1 -1 0.5
74 18 Car -1 -1 0.0 686 179 768 245 2 3 5 -1 -1 -1 -1 0.5
74 20 Car -1 -1 0.0 914 183 1222 371 2 3 5 -1 -1 -1 -1 0.5
75 14 Car -1 -1 0.0 756 175 810 213 2 3 5 -1 -1 -1 -1 0.5
75 15 Car -1 -1 0.0 636 174 664 198 2 3 5 -1 -1 -1 -1 0.5
75 18 Car -1 -1 0.0 684 175 746 223 2 3 5 -1 -1 -1 -1 0.5
75 20 Car -1 -1 0.0 878 177 1218 371 2 3 5 -1 -1 -1 -1 0.5
75 21 Car -1 -1 0.0 684 181 780 245 2 3 5 -1 -1 -1 -1 0.5
76 14 Car -1 -1 0.0 747 175 799 211 2 3 5 -1 -1 -1 -1 0.5
76 15 Car -1 -1 0.0 634 175 662 197 2 3 5 -1 -1 -1 -1 0.5
76 18 Car -1 -1 0.0 684 172 730 208 2 3 5 -1 -1 -1 -1 0.5
76 20 Car -1 -1 0.0 852 177 1216 371 2 3 5 -1 -1 -1 -1 0.5
76 21 Car -1 -1 0.0 682 179 764 239 2 3 5 -1 -1 -1 -1 0.5
77 14 Car -1 -1 0.0 739 175 787 209 2 3 5 -1 -1 -1 -1 0.5
77 15 Car -1 -1 0.0 632 174 658 196 2 3 5 -1 -1 -1 -1 0.5
77 18 Car -1 -1 0.0 676 171 704 197 2 3 5 -1 -1 -1 -1 0.5
77 20 Car -1 -1 0.0 821 178 1185 366 2 3 5 -1 -1 -1 -1 0.5
77 21 Car -1 -1 0.0 682 179 758 235 2 3 5 -1 -1 -1 -1 0.5
77 22 Pedestrian -1 -1 0.0 682 153 706 221 2 3 5 -1 -1 -1 -1 0.5
77 23 Car -1 -1 0.0 700 176 736 200 2 3 5 -1 -1 -1 -1 0.5
78 14 Car -1 -1 0.0 732 175 778 207 2 3 5 -1 -1 -1 -1 0.5
78 15 Car -1 -1 0.0 632 175 656 195 2 3 5 -1 -1 -1 -1 0.5
78 18 Car -1 -1 0.0 669 169 677 185 2 3 5 -1 -1 -1 -1 0.5
78 20 Car -1 -1 0.0 790 175 1142 355 2 3 5 -1 -1 -1 -1 0.5
78 21 Car -1 -1 0.0 677 179 747 233 2 3 5 -1 -1 -1 -1 0.5
78 23 Car -1 -1 0.0 700 176 736 200 2 3 5 -1 -1 -1 -1 0.5
79 14 Car -1 -1 0.0 725 175 769 205 2 3 5 -1 -1 -1 -1 0.5
79 15 Car -1 -1 0.0 629 175 653 195 2 3 5 -1 -1 -1 -1 0.5
79 18 Car -1 -1 0.0 662 167 652 175 2 3 5 -1 -1 -1 -1 0.5
79 20 Car -1 -1 0.0 771 174 1095 342 2 3 5 -1 -1 -1 -1 0.5
79 21 Car -1 -1 0.0 675 178 741 230 2 3 5 -1 -1 -1 -1 0.5
80 14 Car -1 -1 0.0 719 176 761 204 2 3 5 -1 -1 -1 -1 0.5
80 15 Car -1 -1 0.0 629 174 651 194 2 3 5 -1 -1 -1 -1 0.5
80 18 Car -1 -1 0.0 654 165 626 163 2 3 5 -1 -1 -1 -1 0.5
80 20 Car -1 -1 0.0 746 172 1038 328 2 3 5 -1 -1 -1 -1 0.5
80 21 Car -1 -1 0.0 670 178 734 228 2 3 5 -1 -1 -1 -1 0.5
81 14 Car -1 -1 0.0 714 175 754 201 2 3 5 -1 -1 -1 -1 0.5
81 15 Car -1 -1 0.0 627 174 649 194 2 3 5 -1 -1 -1 -1 0.5
81 20 Car -1 -1 0.0 729 171 987 313 2 3 5 -1 -1 -1 -1 0.5
81 21 Car -1 -1 0.0 664 177 724 225 2 3 5 -1 -1 -1 -1 0.5
82 14 Car -1 -1 0.0 709 175 745 199 2 3 5 -1 -1 -1 -1 0.5
82 15 Car -1 -1 0.0 626 174 648 192 2 3 5 -1 -1 -1 -1 0.5
82 20 Car -1 -1 0.0 715 172 945 298 2 3 5 -1 -1 -1 -1 0.5
82 21 Car -1 -1 0.0 660 178 716 222 2 3 5 -1 -1 -1 -1 0.5
83 14 Car -1 -1 0.0 706 175 738 199 2 3 5 -1 -1 -1 -1 0.5
83 15 Car -1 -1 0.0 625 174 645 192 2 3 5 -1 -1 -1 -1 0.5
83 20 Car -1 -1 0.0 706 173 908 287 2 3 5 -1 -1 -1 -1 0.5
83 21 Car -1 -1 0.0 656 178 708 218 2 3 5 -1 -1 -1 -1 0.5
84 14 Car -1 -1 0.0 696 175 722 197 2 3 5 -1 -1 -1 -1 0.5
84 15 Car -1 -1 0.0 623 175 643 191 2 3 5 -1 -1 -1 -1 0.5
84 20 Car -1 -1 0.0 697 172 875 274 2 3 5 -1 -1 -1 -1 0.5
84 21 Car -1 -1 0.0 653 178 701 216 2 3 5 -1 -1 -1 -1 0.5
84 22 Car -1 -1 0.0 708 174 756 202 2 3 5 -1 -1 -1 -1 0.5
84 23 Cyclist -1 -1 0.0 798 149 816 189 2 3 5 -1 -1 -1 -1 0.5
85 14 Car -1 -1 0.0 686 174 706 194 2 3 5 -1 -1 -1 -1 0.5
85 15 Car -1 -1 0.0 621 174 641 190 2 3 5 -1 -1 -1 -1 0.5
85 20 Car -1 -1 0.0 690 172 846 264 2 3 5 -1 -1 -1 -1 0.5
85 21 Car -1 -1 0.0 651 178 697 214 2 3 5 -1 -1 -1 -1 0.5
85 22 Car -1 -1 0.0 704 175 744 201 2 3 5 -1 -1 -1 -1 0.5
85 24 Car -1 -1 0.0 1023 176 1093 212 2 3 5 -1 -1 -1 -1 0.5
86 14 Car -1 -1 0.0 677 175 689 191 2 3 5 -1 -1 -1 -1 0.5
86 15 Car -1 -1 0.0 620 174 640 190 2 3 5 -1 -1 -1 -1 0.5
86 20 Car -1 -1 0.0 684 173 820 255 2 3 5 -1 -1 -1 -1 0.5
86 21 Car -1 -1 0.0 649 177 691 211 2 3 5 -1 -1 -1 -1 0.5
86 24 Car -1 -1 0.0 992 176 1068 210 2 3 5 -1 -1 -1 -1 0.5
86 25 Car -1 -1 0.0 1057 187 1237 363 2 3 5 -1 -1 -1 -1 0.5
87 14 Car -1 -1 0.0 667 174 673 188 2 3 5 -1 -1 -1 -1 0.5
87 15 Car -1 -1 0.0 618 173 636 189 2 3 5 -1 -1 -1 -1 0.5
87 20 Car -1 -1 0.0 679 175 799 247 2 3 5 -1 -1 -1 -1 0.5
87 21 Car -1 -1 0.0 646 177 688 211 2 3 5 -1 -1 -1 -1 0.5
87 24 Car -1 -1 0.0 983 176 1059 210 2 3 5 -1 -1 -1 -1 0.5
87 25 Car -1 -1 0.0 1005 181 1235 369 2 3 5 -1 -1 -1 -1 0.5
88 15 Car -1 -1 0.0 618 173 636 189 2 3 5 -1 -1 -1 -1 0.5
88 20 Car -1 -1 0.0 673 175 779 239 2 3 5 -1 -1 -1 -1 0.5
88 21 Car -1 -1 0.0 644 177 684 209 2 3 5 -1 -1 -1 -1 0.5
88 24 Car -1 -1 0.0 971 176 1053 210 2 3 5 -1 -1 -1 -1 0.5
88 25 Car -1 -1 0.0 1004 175 1234 369 2 3 5 -1 -1 -1 -1 0.5
89 15 Car -1 -1 0.0 617 173 633 189 2 3 5 -1 -1 -1 -1 0.5
89 20 Car -1 -1 0.0 670 175 762 233 2 3 5 -1 -1 -1 -1 0.5
89 21 Car -1 -1 0.0 641 176 679 208 2 3 5 -1 -1 -1 -1 0.5
89 24 Car -1 -1 0.0 958 177 1040 211 2 3 5 -1 -1 -1 -1 0.5
89 25 Car -1 -1 0.0 967 168 1229 370 2 3 5 -1 -1 -1 -1 0.5
90 15 Car -1 -1 0.0 615 173 631 187 2 3 5 -1 -1 -1 -1 0.5
90 20 Car -1 -1 0.0 667 175 745 227 2 3 5 -1 -1 -1 -1 0.5
90 21 Car -1 -1 0.0 639 176 675 206 2 3 5 -1 -1 -1 -1 0.5
90 24 Car -1 -1 0.0 937 176 1023 210 2 3 5 -1 -1 -1 -1 0.5
90 25 Car -1 -1 0.0 931 162 1227 370 2 3 5 -1 -1 -1 -1 0.5
90 26 Car -1 -1 0.0 723 176 815 230 2 3 5 -1 -1 -1 -1 0.5
91 15 Car -1 -1 0.0 614 173 628 187 2 3 5 -1 -1 -1 -1 0.5
91 20 Car -1 -1 0.0 665 175 733 223 2 3 5 -1 -1 -1 -1 0.5
91 21 Car -1 -1 0.0 636 177 672 205 2 3 5 -1 -1 -1 -1 0.5
91 24 Car -1 -1 0.0 929 176 1015 210 2 3 5 -1 -1 -1 -1 0.5
91 25 Car -1 -1 0.0 1006 170 1246 372 2 3 5 -1 -1 -1 -1 0.5
91 27 Pedestrian -1 -1 0.0 975 257 1205 373 2 3 5 -1 -1 -1 -1 0.5
91 28 Car -1 -1 0.0 862 158 1240 374 2 3 5 -1 -1 -1 -1 0.5
92 15 Car -1 -1 0.0 611 173 625 185 2 3 5 -1 -1 -1 -1 0.5
92 20 Car -1 -1 0.0 663 176 721 218 2 3 5 -1 -1 -1 -1 0.5
92 21 Car -1 -1 0.0 635 175 669 203 2 3 5 -1 -1 -1 -1 0.5
92 24 Car -1 -1 0.0 920 176 1008 210 2 3 5 -1 -1 -1 -1 0.5
92 25 Car -1 -1 0.0 1010 169 1248 373 2 3 5 -1 -1 -1 -1 0.5
92 28 Car -1 -1 0.0 843 165 1225 373 2 3 5 -1 -1 -1 -1 0.5
93 20 Car -1 -1 0.0 662 177 712 215 2 3 5 -1 -1 -1 -1 0.5
93 21 Car -1 -1 0.0 634 176 668 202 2 3 5 -1 -1 -1 -1 0.5
93 24 Car -1 -1 0.0 912 176 1000 210 2 3 5 -1 -1 -1 -1 0.5
93 25 Car -1 -1 0.0 1016 169 1250 373 2 3 5 -1 -1 -1 -1 0.5
93 28 Car -1 -1 0.0 832 167 1206 369 2 3 5 -1 -1 -1 -1 0.5
93 29 Car -1 -1 0.0 704 178 796 220 2 3 5 -1 -1 -1 -1 0.5
94 20 Car -1 -1 0.0 660 177 704 211 2 3 5 -1 -1 -1 -1 0.5
94 21 Car -1 -1 0.0 631 176 665 202 2 3 5 -1 -1 -1 -1 0.5
94 24 Car -1 -1 0.0 902 176 992 210 2 3 5 -1 -1 -1 -1 0.5
94 25 Car -1 -1 0.0 1021 169 1253 373 2 3 5 -1 -1 -1 -1 0.5
94 28 Car -1 -1 0.0 803 164 1151 356 2 3 5 -1 -1 -1 -1 0.5
94 29 Car -1 -1 0.0 693 174 795 216 2 3 5 -1 -1 -1 -1 0.5
95 20 Car -1 -1 0.0 651 176 683 204 2 3 5 -1 -1 -1 -1 0.5
95 21 Car -1 -1 0.0 630 176 662 200 2 3 5 -1 -1 -1 -1 0.5
95 25 Car -1 -1 0.0 1026 168 1256 374 2 3 5 -1 -1 -1 -1 0.5
95 28 Car -1 -1 0.0 777 162 1089 342 2 3 5 -1 -1 -1 -1 0.5
95 29 Car -1 -1 0.0 674 174 756 216 2 3 5 -1 -1 -1 -1 0.5
95 30 Pedestrian -1 -1 0.0 980 125 1024 257 2 3 5 -1 -1 -1 -1 0.5
96 20 Car -1 -1 0.0 642 176 662 198 2 3 5 -1 -1 -1 -1 0.5
96 21 Car -1 -1 0.0 628 175 658 199 2 3 5 -1 -1 -1 -1 0.5
96 28 Car -1 -1 0.0 755 163 1035 325 2 3 5 -1 -1 -1 -1 0.5
96 29 Car -1 -1 0.0 678 174 764 214 2 3 5 -1 -1 -1 -1 0.5
96 31 Car -1 -1 0.0 665 175 717 217 2 3 5 -1 -1 -1 -1 0.5
97 20 Car -1 -1 0.0 632 176 640 190 2 3 5 -1 -1 -1 -1 0.5
97 21 Car -1 -1 0.0 627 176 659 198 2 3 5 -1 -1 -1 -1 0.5
97 28 Car -1 -1 0.0 738 160 982 308 2 3 5 -1 -1 -1 -1 0.5
97 31 Car -1 -1 0.0 659 176 711 214 2 3 5 -1 -1 -1 -1 0.5
97 32 Car -1 -1 0.0 1031 191 1239 367 2 3 5 -1 -1 -1 -1 0.5
98 20 Car -1 -1 0.0 623 176 619 184 2 3 5 -1 -1 -1 -1 0.5
98 21 Car -1 -1 0.0 624 176 656 198 2 3 5 -1 -1 -1 -1 0.5
98 28 Car -1 -1 0.0 727 159 941 291 2 3 5 -1 -1 -1 -1 0.5
98 31 Car -1 -1 0.0 657 176 709 212 2 3 5 -1 -1 -1 -1 0.5
98 32 Car -1 -1 0.0 960 187 1230 371 2 3 5 -1 -1 -1 -1 0.5
98 33 Pedestrian -1 -1 0.0 963 170 989 222 2 3 5 -1 -1 -1 -1 0.5
98 34 Car -1 -1 0.0 878 171 942 207 2 3 5 -1 -1 -1 -1 0.5
99 21 Car -1 -1 0.0 624 175 654 197 2 3 5 -1 -1 -1 -1 0.5
99 28 Car -1 -1 0.0 713 160 907 278 2 3 5 -1 -1 -1 -1 0.5
99 31 Car -1 -1 0.0 656 175 704 209 2 3 5 -1 -1 -1 -1 0.5
99 32 Car -1 -1 0.0 929 186 1227 370 2 3 5 -1 -1 -1 -1 0.5
99 34 Car -1 -1 0.0 869 173 933 205 2 3 5 -1 -1 -1 -1 0.5
99 35 Cyclist -1 -1 0.0 49 169 161 265 2 3 5 -1 -1 -1 -1 0.5
100 21 Car -1 -1 0.0 623 175 653 195 2 3 5 -1 -1 -1 -1 0.5
100 28 Car -1 -1 0.0 707 161 875 269 2 3 5 -1 -1 -1 -1 0.5
100 31 Car -1 -1 0.0 655 175 699 209 2 3 5 -1 -1 -1 -1 0.5
100 32 Car -1 -1 0.0 909 187 1229 371 2 3 5 -1 -1 -1 -1 0.5
100 34 Car -1 -1 0.0 860 173 924 205 2 3 5 -1 -1 -1 -1 0.5
101 21 Car -1 -1 0.0 621 175 649 195 2 3 5 -1 -1 -1 -1 0.5
101 28 Car -1 -1 0.0 704 161 846 259 2 3 5 -1 -1 -1 -1 0.5
101 31 Car -1 -1 0.0 651 175 693 207 2 3 5 -1 -1 -1 -1 0.5
101 32 Car -1 -1 0.0 886 187 1230 371 2 3 5 -1 -1 -1 -1 0.5
101 34 Car -1 -1 0.0 855 175 919 205 2 3 5 -1 -1 -1 -1 0.5
101 35 Car -1 -1 0.0 1129 199 1241 369 2 3 5 -1 -1 -1 -1 0.5
102 21 Car -1 -1 0.0 620 175 646 195 2 3 5 -1 -1 -1 -1 0.5
102 28 Car -1 -1 0.0 706 163 820 253 2 3 5 -1 -1 -1 -1 0.5
102 31 Car -1 -1 0.0 648 175 688 205 2 3 5 -1 -1 -1 -1 0.5
102 32 Car -1 -1 0.0 860 184 1200 370 2 3 5 -1 -1 -1 -1 0.5
102 34 Car -1 -1 0.0 846 174 916 204 2 3 5 -1 -1 -1 -1 0.5
102 35 Car -1 -1 0.0 1120 195 1240 337 2 3 5 -1 -1 -1 -1 0.5
103 21 Car -1 -1 0.0 618 174 646 194 2 3 5 -1 -1 -1 -1 0.5
103 28 Car -1 -1 0.0 701 163 797 245 2 3 5 -1 -1 -1 -1 0.5
103 31 Car -1 -1 0.0 642 174 682 204 2 3 5 -1 -1 -1 -1 0.5
103 32 Car -1 -1 0.0 817 184 1141 358 2 3 5 -1 -1 -1 -1 0.5
103 34 Car -1 -1 0.0 840 175 912 203 2 3 5 -1 -1 -1 -1 0.5
103 35 Car -1 -1 0.0 1100 191 1238 325 2 3 5 -1 -1 -1 -1 0.5
104 21 Car -1 -1 0.0 618 175 644 193 2 3 5 -1 -1 -1 -1 0.5
104 28 Car -1 -1 0.0 697 164 779 240 2 3 5 -1 -1 -1 -1 0.5
104 31 Car -1 -1 0.0 639 173 677 203 2 3 5 -1 -1 -1 -1 0.5
104 32 Car -1 -1 0.0 788 185 1086 347 2 3 5 -1 -1 -1 -1 0.5
104 34 Car -1 -1 0.0 833 176 907 200 2 3 5 -1 -1 -1 -1 0.5
104 35 Car -1 -1 0.0 1072 182 1234 314 2 3 5 -1 -1 -1 -1 0.5
105 21 Car -1 -1 0.0 617 175 641 193 2 3 5 -1 -1 -1 -1 0.5
105 28 Car -1 -1 0.0 690 166 762 234 2 3 5 -1 -1 -1 -1 0.5
105 31 Car -1 -1 0.0 636 173 672 201 2 3 5 -1 -1 -1 -1 0.5
105 32 Car -1 -1 0.0 767 182 1033 328 2 3 5 -1 -1 -1 -1 0.5
105 34 Car -1 -1 0.0 830 175 904 199 2 3 5 -1 -1 -1 -1 0.5
105 35 Car -1 -1 0.0 1040 179 1230 307 2 3 5 -1 -1 -1 -1 0.5
106 21 Car -1 -1 0.0 616 174 640 192 2 3 5 -1 -1 -1 -1 0.5
106 28 Car -1 -1 0.0 687 168 751 228 2 3 5 -1 -1 -1 -1 0.5
106 31 Car -1 -1 0.0 634 172 668 200 2 3 5 -1 -1 -1 -1 0.5
106 32 Car -1 -1 0.0 752 182 982 312 2 3 5 -1 -1 -1 -1 0.5
106 34 Car -1 -1 0.0 825 175 901 199 2 3 5 -1 -1 -1 -1 0.5
106 35 Car -1 -1 0.0 1007 177 1223 301 2 3 5 -1 -1 -1 -1 0.5
107 21 Car -1 -1 0.0 616 174 638 192 2 3 5 -1 -1 -1 -1 0.5
107 28 Car -1 -1 0.0 682 168 738 224 2 3 5 -1 -1 -1 -1 0.5
107 31 Car -1 -1 0.0 632 173 666 199 2 3 5 -1 -1 -1 -1 0.5
107 32 Car -1 -1 0.0 735 179 937 297 2 3 5 -1 -1 -1 -1 0.5
107 34 Car -1 -1 0.0 821 176 897 198 2 3 5 -1 -1 -1 -1 0.5
107 35 Car -1 -1 0.0 973 176 1209 290 2 3 5 -1 -1 -1 -1 0.5
108 21 Car -1 -1 0.0 614 175 636 191 2 3 5 -1 -1 -1 -1 0.5
108 28 Car -1 -1 0.0 679 170 727 218 2 3 5 -1 -1 -1 -1 0.5
108 31 Car -1 -1 0.0 631 171 663 197 2 3 5 -1 -1 -1 -1 0.5
108 32 Car -1 -1 0.0 722 177 898 283 2 3 5 -1 -1 -1 -1 0.5
108 34 Car -1 -1 0.0 827 176 891 202 2 3 5 -1 -1 -1 -1 0.5
108 35 Car -1 -1 0.0 935 175 1185 281 2 3 5 -1 -1 -1 -1 0.5
109 21 Car -1 -1 0.0 613 174 633 190 2 3 5 -1 -1 -1 -1 0.5
109 28 Car -1 -1 0.0 677 171 719 215 2 3 5 -1 -1 -1 -1 0.5
109 31 Car -1 -1 0.0 630 172 660 196 2 3 5 -1 -1 -1 -1 0.5
109 32 Car -1 -1 0.0 716 177 864 271 2 3 5 -1 -1 -1 -1 0.5
109 34 Car -1 -1 0.0 823 176 889 202 2 3 5 -1 -1 -1 -1 0.5
109 35 Car -1 -1 0.0 902 173 1152 269 2 3 5 -1 -1 -1 -1 0.5
110 21 Car -1 -1 0.0 615 174 633 190 2 3 5 -1 -1 -1 -1 0.5
110 28 Car -1 -1 0.0 672 171 710 213 2 3 5 -1 -1 -1 -1 0.5
110 31 Car -1 -1 0.0 629 172 657 196 2 3 5 -1 -1 -1 -1 0.5
110 32 Car -1 -1 0.0 709 177 833 259 2 3 5 -1 -1 -1 -1 0.5
110 34 Car -1 -1 0.0 813 175 883 203 2 3 5 -1 -1 -1 -1 0.5
110 35 Car -1 -1 0.0 878 173 1112 259 2 3 5 -1 -1 -1 -1 0.5
111 21 Car -1 -1 0.0 613 175 631 189 2 3 5 -1 -1 -1 -1 0.5
111 28 Car -1 -1 0.0 665 172 689 206 2 3 5 -1 -1 -1 -1 0.5
111 31 Car -1 -1 0.0 628 173 654 195 2 3 5 -1 -1 -1 -1 0.5
111 32 Car -1 -1 0.0 702 178 806 250 2 3 5 -1 -1 -1 -1 0.5
111 34 Car -1 -1 0.0 808 174 876 202 2 3 5 -1 -1 -1 -1 0.5
111 35 Car -1 -1 0.0 853 174 1071 254 2 3 5 -1 -1 -1 -1 0.5
111 36 Car -1 -1 0.0 670 170 734 220 2 3 5 -1 -1 -1 -1 0.5
112 21 Car -1 -1 0.0 612 174 628 188 2 3 5 -1 -1 -1 -1 0.5
112 28 Car -1 -1 0.0 657 172 667 198 2 3 5 -1 -1 -1 -1 0.5
112 31 Car -1 -1 0.0 626 172 650 194 2 3 5 -1 -1 -1 -1 0.5
112 32 Car -1 -1 0.0 700 178 786 242 2 3 5 -1 -1 -1 -1 0.5
112 34 Car -1 -1 0.0 806 174 874 202 2 3 5 -1 -1 -1 -1 0.5
112 35 Car -1 -1 0.0 833 174 1035 246 2 3 5 -1 -1 -1 -1 0.5
112 36 Car -1 -1 0.0 667 172 727 218 2 3 5 -1 -1 -1 -1 0.5
112 37 Cyclist -1 -1 0.0 57 164 211 268 2 3 5 -1 -1 -1 -1 0.5
113 21 Car -1 -1 0.0 611 174 625 188 2 3 5 -1 -1 -1 -1 0.5
113 28 Car -1 -1 0.0 650 172 646 192 2 3 5 -1 -1 -1 -1 0.5
113 31 Car -1 -1 0.0 624 173 648 193 2 3 5 -1 -1 -1 -1 0.5
113 32 Car -1 -1 0.0 695 179 769 237 2 3 5 -1 -1 -1 -1 0.5
113 34 Car -1 -1 0.0 802 173 870 203 2 3 5 -1 -1 -1 -1 0.5
113 35 Car -1 -1 0.0 816 175 1000 241 2 3 5 -1 -1 -1 -1 0.5
113 36 Car -1 -1 0.0 665 171 723 217 2 3 5 -1 -1 -1 -1 0.5
114 21 Car -1 -1 0.0 609 174 623 186 2 3 5 -1 -1 -1 -1 0.5
114 28 Car -1 -1 0.0 643 173 623 185 2 3 5 -1 -1 -1 -1 0.5
114 31 Car -1 -1 0.0 625 172 647 192 2 3 5 -1 -1 -1 -1 0.5
114 32 Car -1 -1 0.0 691 178 751 230 2 3 5 -1 -1 -1 -1 0.5
114 34 Car -1 -1 0.0 801 174 865 202 2 3 5 -1 -1 -1 -1 0.5
114 35 Car -1 -1 0.0 803 174 971 234 2 3 5 -1 -1 -1 -1 0.5
114 36 Car -1 -1 0.0 664 170 722 216 2 3 5 -1 -1 -1 -1 0.5
114 37 Cyclist -1 -1 0.0 853 167 887 233 2 3 5 -1 -1 -1 -1 0.5
115 28 Car -1 -1 0.0 636 173 602 177 2 3 5 -1 -1 -1 -1 0.5
115 31 Car -1 -1 0.0 623 173 645 191 2 3 5 -1 -1 -1 -1 0.5
115 32 Car -1 -1 0.0 689 179 739 225 2 3 5 -1 -1 -1 -1 0.5
115 34 Car -1 -1 0.0 800 174 860 202 2 3 5 -1 -1 -1 -1 0.5
115 35 Car -1 -1 0.0 792 175 948 229 2 3 5 -1 -1 -1 -1 0.5
115 36 Car -1 -1 0.0 660 169 718 213 2 3 5 -1 -1 -1 -1 0.5
116 31 Car -1 -1 0.0 622 173 644 191 2 3 5 -1 -1 -1 -1 0.5
116 32 Car -1 -1 0.0 677 178 713 216 2 3 5 -1 -1 -1 -1 0.5
116 34 Car -1 -1 0.0 796 174 856 202 2 3 5 -1 -1 -1 -1 0.5
116 35 Car -1 -1 0.0 784 174 924 226 2 3 5 -1 -1 -1 -1 0.5
116 36 Car -1 -1 0.0 656 169 714 213 2 3 5 -1 -1 -1 -1 0.5
116 37 Car -1 -1 0.0 692 179 758 229 2 3 5 -1 -1 -1 -1 0.5
117 31 Car -1 -1 0.0 620 172 640 190 2 3 5 -1 -1 -1 -1 0.5
117 32 Car -1 -1 0.0 665 178 685 208 2 3 5 -1 -1 -1 -1 0.5
117 34 Car -1 -1 0.0 792 174 852 202 2 3 5 -1 -1 -1 -1 0.5
117 35 Car -1 -1 0.0 776 174 902 222 2 3 5 -1 -1 -1 -1 0.5
117 36 Car -1 -1 0.0 654 170 708 212 2 3 5 -1 -1 -1 -1 0.5
117 37 Car -1 -1 0.0 684 175 748 229 2 3 5 -1 -1 -1 -1 0.5
118 31 Car -1 -1 0.0 618 173 638 189 2 3 5 -1 -1 -1 -1 0.5
118 32 Car -1 -1 0.0 654 177 658 199 2 3 5 -1 -1 -1 -1 0.5
118 34 Car -1 -1 0.0 789 173 847 201 2 3 5 -1 -1 -1 -1 0.5
118 35 Car -1 -1 0.0 768 176 880 218 2 3 5 -1 -1 -1 -1 0.5
118 36 Car -1 -1 0.0 649 169 701 209 2 3 5 -1 -1 -1 -1 0.5
118 37 Car -1 -1 0.0 681 175 743 225 2 3 5 -1 -1 -1 -1 0.5
119 31 Car -1 -1 0.0 617 172 635 188 2 3 5 -1 -1 -1 -1 0.5
119 32 Car -1 -1 0.0 642 177 630 191 2 3 5 -1 -1 -1 -1 0.5
119 34 Car -1 -1 0.0 785 173 843 201 2 3 5 -1 -1 -1 -1 0.5
119 35 Car -1 -1 0.0 762 177 862 215 2 3 5 -1 -1 -1 -1 0.5
119 36 Car -1 -1 0.0 647 170 697 208 2 3 5 -1 -1 -1 -1 0.5
119 37 Car -1 -1 0.0 680 177 736 223 2 3 5 -1 -1 -1 -1 0.5
120 31 Car -1 -1 0.0 615 172 633 188 2 3 5 -1 -1 -1 -1 0.5
120 34 Car -1 -1 0.0 782 173 840 201 2 3 5 -1 -1 -1 -1 0.5
120 35 Car -1 -1 0.0 757 177 847 213 2 3 5 -1 -1 -1 -1 0.5
120 36 Car -1 -1 0.0 645 170 691 206 2 3 5 -1 -1 -1 -1 0.5
120 37 Car -1 -1 0.0 678 177 730 221 2 3 5 -1 -1 -1 -1 0.5
121 31 Car -1 -1 0.0 613 172 629 186 2 3 5 -1 -1 -1 -1 0.5
121 35 Car -1 -1 0.0 751 176 833 212 2 3 5 -1 -1 -1 -1 0.5
121 36 Car -1 -1 0.0 644 170 688 204 2 3 5 -1 -1 -1 -1 0.5
121 37 Car -1 -1 0.0 675 176 725 218 2 3 5 -1 -1 -1 -1 0.5
122 31 Car -1 -1 0.0 612 172 626 186 2 3 5 -1 -1 -1 -1 0.5
122 35 Car -1 -1 0.0 745 177 821 209 2 3 5 -1 -1 -1 -1 0.5
122 36 Car -1 -1 0.0 643 171 683 203 2 3 5 -1 -1 -1 -1 0.5
122 37 Car -1 -1 0.0 671 176 719 216 2 3 5 -1 -1 -1 -1 0.5
122 38 Car -1 -1 0.0 822 176 874 200 2 3 5 -1 -1 -1 -1 0.5
123 35 Car -1 -1 0.0 740 177 810 207 2 3 5 -1 -1 -1 -1 0.5
123 36 Car -1 -1 0.0 640 171 678 203 2 3 5 -1 -1 -1 -1 0.5
123 37 Car -1 -1 0.0 668 176 714 214 2 3 5 -1 -1 -1 -1 0.5
123 38 Car -1 -1 0.0 811 175 859 201 2 3 5 -1 -1 -1 -1 0.5
123 39 Car -1 -1 0.0 1134 188 1236 330 2 3 5 -1 -1 -1 -1 0.5
124 35 Car -1 -1 0.0 736 177 798 205 2 3 5 -1 -1 -1 -1 0.5
124 36 Car -1 -1 0.0 640 171 674 201 2 3 5 -1 -1 -1 -1 0.5
124 37 Car -1 -1 0.0 664 175 708 211 2 3 5 -1 -1 -1 -1 0.5
124 38 Car -1 -1 0.0 807 174 861 202 2 3 5 -1 -1 -1 -1 0.5
124 39 Car -1 -1 0.0 1112 170 1238 334 2 3 5 -1 -1 -1 -1 0.5
125 35 Car -1 -1 0.0 731 176 789 204 2 3 5 -1 -1 -1 -1 0.5
125 36 Car -1 -1 0.0 638 171 670 199 2 3 5 -1 -1 -1 -1 0.5
125 37 Car -1 -1 0.0 661 175 701 209 2 3 5 -1 -1 -1 -1 0.5
125 38 Car -1 -1 0.0 805 174 861 202 2 3 5 -1 -1 -1 -1 0.5
125 39 Car -1 -1 0.0 1081 159 1233 331 2 3 5 -1 -1 -1 -1 0.5
126 35 Car -1 -1 0.0 727 177 781 203 2 3 5 -1 -1 -1 -1 0.5
126 36 Car -1 -1 0.0 636 171 666 199 2 3 5 -1 -1 -1 -1 0.5
126 37 Car -1 -1 0.0 657 174 697 208 2 3 5 -1 -1 -1 -1 0.5
126 38 Car -1 -1 0.0 801 174 863 202 2 3 5 -1 -1 -1 -1 0.5
126 39 Car -1 -1 0.0 1042 143 1228 321 2 3 5 -1 -1 -1 -1 0.5
126 40 Pedestrian -1 -1 0.0 615 164 625 192 2 3 5 -1 -1 -1 -1 0.5
127 35 Car -1 -1 0.0 722 176 772 202 2 3 5 -1 -1 -1 -1 0.5
127 36 Car -1 -1 0.0 635 171 665 197 2 3 5 -1 -1 -1 -1 0.5
127 37 Car -1 -1 0.0 653 175 693 207 2 3 5 -1 -1 -1 -1 0.5
127 38 Car -1 -1 0.0 797 174 863 202 2 3 5 -1 -1 -1 -1 0.5
127 39 Car -1 -1 0.0 1012 141 1226 317 2 3 5 -1 -1 -1 -1 0.5
127 41 Car -1 -1 0.0 106 181 176 225 2 3 5 -1 -1 -1 -1 0.5
128 35 Car -1 -1 0.0 717 176 765 200 2 3 5 -1 -1 -1 -1 0.5
128 36 Car -1 -1 0.0 633 171 663 197 2 3 5 -1 -1 -1 -1 0.5
128 37 Car -1 -1 0.0 651 175 689 205 2 3 5 -1 -1 -1 -1 0.5
128 38 Car -1 -1 0.0 798 173 864 201 2 3 5 -1 -1 -1 -1 0.5
128 39 Car -1 -1 0.0 987 139 1227 313 2 3 5 -1 -1 -1 -1 0.5
128 42 Car -1 -1 0.0 1152 144 1240 294 2 3 5 -1 -1 -1 -1 0.5
129 35 Car -1 -1 0.0 714 176 758 200 2 3 5 -1 -1 -1 -1 0.5
129 36 Car -1 -1 0.0 632 171 660 197 2 3 5 -1 -1 -1 -1 0.5
129 37 Car -1 -1 0.0 650 175 686 203 2 3 5 -1 -1 -1 -1 0.5
129 38 Car -1 -1 0.0 796 174 864 202 2 3 5 -1 -1 -1 -1 0.5
129 39 Car -1 -1 0.0 952 139 1210 305 2 3 5 -1 -1 -1 -1 0.5
129 42 Car -1 -1 0.0 1099 170 1215 280 2 3 5 -1 -1 -1 -1 0.5
130 35 Car -1 -1 0.0 711 177 753 199 2 3 5 -1 -1 -1 -1 0.5
130 36 Car -1 -1 0.0 629 170 657 196 2 3 5 -1 -1 -1 -1 0.5
130 37 Car -1 -1 0.0 647 175 681 203 2 3 5 -1 -1 -1 -1 0.5
130 38 Car -1 -1 0.0 795 174 865 202 2 3 5 -1 -1 -1 -1 0.5
130 39 Car -1 -1 0.0 915 140 1189 294 2 3 5 -1 -1 -1 -1 0.5
130 43 Pedestrian -1 -1 0.0 903 183 939 253 2 3 5 -1 -1 -1 -1 0.5
131 35 Car -1 -1 0.0 709 176 747 198 2 3 5 -1 -1 -1 -1 0.5
131 36 Car -1 -1 0.0 628 171 654 195 2 3 5 -1 -1 -1 -1 0.5
131 37 Car -1 -1 0.0 644 176 678 202 2 3 5 -1 -1 -1 -1 0.5
131 38 Car -1 -1 0.0 794 173 866 201 2 3 5 -1 -1 -1 -1 0.5
131 39 Car -1 -1 0.0 880 144 1156 282 2 3 5 -1 -1 -1 -1 0.5
132 35 Car -1 -1 0.0 705 177 741 197 2 3 5 -1 -1 -1 -1 0.5
132 36 Car -1 -1 0.0 627 171 651 195 2 3 5 -1 -1 -1 -1 0.5
132 37 Car -1 -1 0.0 642 175 676 201 2 3 5 -1 -1 -1 -1 0.5
132 38 Car -1 -1 0.0 795 173 867 201 2 3 5 -1 -1 -1 -1 0.5
132 39 Car -1 -1 0.0 852 147 1112 273 2 3 5 -1 -1 -1 -1 0.5
132 40 Car -1 -1 0.0 962 178 1054 252 2 3 5 -1 -1 -1 -1 0.5
133 35 Car -1 -1 0.0 701 176 735 196 2 3 5 -1 -1 -1 -1 0.5
133 36 Car -1 -1 0.0 625 172 649 194 2 3 5 -1 -1 -1 -1 0.5
133 37 Car -1 -1 0.0 640 175 672 199 2 3 5 -1 -1 -1 -1 0.5
133 38 Car -1 -1 0.0 796 173 866 201 2 3 5 -1 -1 -1 -1 0.5
133 39 Car -1 -1 0.0 831 150 1075 264 2 3 5 -1 -1 -1 -1 0.5
133 40 Car -1 -1 0.0 946 173 1022 249 2 3 5 -1 -1 -1 -1 0.5
134 35 Car -1 -1 0.0 698 176 730 196 2 3 5 -1 -1 -1 -1 0.5
134 36 Car -1 -1 0.0 622 171 648 193 2 3 5 -1 -1 -1 -1 0.5
134 37 Car -1 -1 0.0 638 175 668 199 2 3 5 -1 -1 -1 -1 0.5
134 38 Car -1 -1 0.0 795 174 861 202 2 3 5 -1 -1 -1 -1 0.5
134 39 Car -1 -1 0.0 815 153 1037 259 2 3 5 -1 -1 -1 -1 0.5
134 40 Car -1 -1 0.0 921 179 1001 245 2 3 5 -1 -1 -1 -1 0.5
135 35 Car -1 -1 0.0 695 176 727 196 2 3 5 -1 -1 -1 -1 0.5
135 36 Car -1 -1 0.0 621 171 645 193 2 3 5 -1 -1 -1 -1 0.5
135 37 Car -1 -1 0.0 636 175 666 197 2 3 5 -1 -1 -1 -1 0.5
135 38 Car -1 -1 0.0 794 174 860 202 2 3 5 -1 -1 -1 -1 0.5
135 39 Car -1 -1 0.0 800 155 1002 249 2 3 5 -1 -1 -1 -1 0.5
135 40 Car -1 -1 0.0 908 178 980 242 2 3 5 -1 -1 -1 -1 0.5
136 35 Car -1 -1 0.0 692 175 724 195 2 3 5 -1 -1 -1 -1 0.5
136 36 Car -1 -1 0.0 620 172 644 192 2 3 5 -1 -1 -1 -1 0.5
136 37 Car -1 -1 0.0 635 175 663 197 2 3 5 -1 -1 -1 -1 0.5
136 38 Car -1 -1 0.0 793 174 861 202 2 3 5 -1 -1 -1 -1 0.5
136 39 Car -1 -1 0.0 791 160 973 240 2 3 5 -1 -1 -1 -1 0.5
136 40 Car -1 -1 0.0 892 183 958 239 2 3 5 -1 -1 -1 -1 0.5
137 35 Car -1 -1 0.0 689 175 719 195 2 3 5 -1 -1 -1 -1 0.5
137 36 Car -1 -1 0.0 619 171 643 191 2 3 5 -1 -1 -1 -1 0.5
137 37 Car -1 -1 0.0 632 174 660 196 2 3 5 -1 -1 -1 -1 0.5
137 38 Car -1 -1 0.0 792 175 860 201 2 3 5 -1 -1 -1 -1 0.5
137 39 Car -1 -1 0.0 780 160 946 236 2 3 5 -1 -1 -1 -1 0.5
137 40 Car -1 -1 0.0 869 179 933 233 2 3 5 -1 -1 -1 -1 0.5
138 35 Car -1 -1 0.0 687 175 715 193 2 3 5 -1 -1 -1 -1 0.5
138 36 Car -1 -1 0.0 619 171 641 191 2 3 5 -1 -1 -1 -1 0.5
138 37 Car -1 -1 0.0 631 175 659 195 2 3 5 -1 -1 -1 -1 0.5
138 38 Car -1 -1 0.0 792 175 860 201 2 3 5 -1 -1 -1 -1 0.5
138 39 Car -1 -1 0.0 770 161 920 231 2 3 5 -1 -1 -1 -1 0.5
138 40 Car -1 -1 0.0 846 182 910 228 2 3 5 -1 -1 -1 -1 0.5
139 35 Car -1 -1 0.0 686 175 712 193 2 3 5 -1 -1 -1 -1 0.5
139 36 Car -1 -1 0.0 618 171 640 191 2 3 5 -1 -1 -1 -1 0.5
139 37 Car -1 -1 0.0 630 175 658 195 2 3 5 -1 -1 -1 -1 0.5
139 39 Car -1 -1 0.0 760 161 894 225 2 3 5 -1 -1 -1 -1 0.5
139 40 Car -1 -1 0.0 833 181 887 223 2 3 5 -1 -1 -1 -1 0.5
140 35 Car -1 -1 0.0 683 175 709 193 2 3 5 -1 -1 -1 -1 0.5
140 36 Car -1 -1 0.0 617 171 637 191 2 3 5 -1 -1 -1 -1 0.5
140 37 Car -1 -1 0.0 630 175 656 195 2 3 5 -1 -1 -1 -1 0.5
140 39 Car -1 -1 0.0 753 161 871 221 2 3 5 -1 -1 -1 -1 0.5
140 40 Car -1 -1 0.0 819 182 871 220 2 3 5 -1 -1 -1 -1 0.5
141 35 Car -1 -1 0.0 680 175 706 193 2 3 5 -1 -1 -1 -1 0.5
141 36 Car -1 -1 0.0 615 172 635 190 2 3 5 -1 -1 -1 -1 0.5
141 37 Car -1 -1 0.0 629 176 653 194 2 3 5 -1 -1 -1 -1 0.5
141 39 Car -1 -1 0.0 746 163 856 219 2 3 5 -1 -1 -1 -1 0.5
141 40 Car -1 -1 0.0 804 181 850 217 2 3 5 -1 -1 -1 -1 0.5
142 35 Car -1 -1 0.0 677 174 703 192 2 3 5 -1 -1 -1 -1 0.5
142 36 Car -1 -1 0.0 610 170 636 190 2 3 5 -1 -1 -1 -1 0.5
142 37 Car -1 -1 0.0 628 175 650 193 2 3 5 -1 -1 -1 -1 0.5
142 39 Car -1 -1 0.0 741 163 843 215 2 3 5 -1 -1 -1 -1 0.5
142 40 Car -1 -1 0.0 792 179 836 215 2 3 5 -1 -1 -1 -1 0.5
142 41 Pedestrian -1 -1 0.0 679 152 699 196 2 3 5 -1 -1 -1 -1 0.5
142 42 Pedestrian -1 -1 0.0 798 139 814 187 2 3 5 -1 -1 -1 -1 0.5
143 35 Car -1 -1 0.0 676 174 700 192 2 3 5 -1 -1 -1 -1 0.5
143 36 Car -1 -1 0.0 609 170 635 190 2 3 5 -1 -1 -1 -1 0.5
143 37 Car -1 -1 0.0 627 175 649 193 2 3 5 -1 -1 -1 -1 0.5
143 39 Car -1 -1 0.0 738 164 828 212 2 3 5 -1 -1 -1 -1 0.5
143 40 Car -1 -1 0.0 784 177 822 211 2 3 5 -1 -1 -1 -1 0.5
143 42 Pedestrian -1 -1 0.0 798 139 814 187 2 3 5 -1 -1 -1 -1 0.5
143 43 Car -1 -1 0.0 821 174 869 204 2 3 5 -1 -1 -1 -1 0.5
144 35 Car -1 -1 0.0 673 174 697 190 2 3 5 -1 -1 -1 -1 0.5
144 36 Car -1 -1 0.0 607 170 633 188 2 3 5 -1 -1 -1 -1 0.5
144 37 Car -1 -1 0.0 626 174 648 192 2 3 5 -1 -1 -1 -1 0.5
144 39 Car -1 -1 0.0 732 165 812 209 2 3 5 -1 -1 -1 -1 0.5
144 40 Car -1 -1 0.0 776 177 810 209 2 3 5 -1 -1 -1 -1 0.5
144 43 Car -1 -1 0.0 808 172 860 202 2 3 5 -1 -1 -1 -1 0.5
145 35 Car -1 -1 0.0 671 174 695 190 2 3 5 -1 -1 -1 -1 0.5
145 36 Car -1 -1 0.0 606 170 630 188 2 3 5 -1 -1 -1 -1 0.5
145 37 Car -1 -1 0.0 626 175 646 191 2 3 5 -1 -1 -1 -1 0.5
145 39 Car -1 -1 0.0 727 164 801 208 2 3 5 -1 -1 -1 -1 0.5
145 40 Car -1 -1 0.0 767 178 799 208 2 3 5 -1 -1 -1 -1 0.5
145 43 Car -1 -1 0.0 808 174 860 202 2 3 5 -1 -1 -1 -1 0.5
145 44 Car -1 -1 0.0 742 179 780 213 2 3 5 -1 -1 -1 -1 0.5
146 35 Car -1 -1 0.0 670 174 692 190 2 3 5 -1 -1 -1 -1 0.5
146 36 Car -1 -1 0.0 604 169 628 187 2 3 5 -1 -1 -1 -1 0.5
146 37 Car -1 -1 0.0 624 175 644 191 2 3 5 -1 -1 -1 -1 0.5
146 39 Car -1 -1 0.0 721 164 791 206 2 3 5 -1 -1 -1 -1 0.5
146 40 Car -1 -1 0.0 760 178 788 206 2 3 5 -1 -1 -1 -1 0.5
146 43 Car -1 -1 0.0 805 174 861 202 2 3 5 -1 -1 -1 -1 0.5
147 35 Car -1 -1 0.0 667 173 691 191 2 3 5 -1 -1 -1 -1 0.5
147 37 Car -1 -1 0.0 623 175 643 191 2 3 5 -1 -1 -1 -1 0.5
147 39 Car -1 -1 0.0 722 165 782 205 2 3 5 -1 -1 -1 -1 0.5
147 40 Car -1 -1 0.0 747 178 773 204 2 3 5 -1 -1 -1 -1 0.5
147 43 Car -1 -1 0.0 801 174 863 202 2 3 5 -1 -1 -1 -1 0.5
148 35 Car -1 -1 0.0 666 174 688 190 2 3 5 -1 -1 -1 -1 0.5
148 37 Car -1 -1 0.0 621 174 641 190 2 3 5 -1 -1 -1 -1 0.5
148 39 Car -1 -1 0.0 718 165 772 203 2 3 5 -1 -1 -1 -1 0.5
148 40 Car -1 -1 0.0 736 177 758 201 2 3 5 -1 -1 -1 -1 0.5
148 43 Car -1 -1 0.0 801 174 863 202 2 3 5 -1 -1 -1 -1 0.5
149 35 Car -1 -1 0.0 663 174 685 190 2 3 5 -1 -1 -1 -1 0.5
149 37 Car -1 -1 0.0 620 175 638 189 2 3 5 -1 -1 -1 -1 0.5
149 39 Car -1 -1 0.0 707 166 753 198 2 3 5 -1 -1 -1 -1 0.5
149 40 Car -1 -1 0.0 725 178 743 198 2 3 5 -1 -1 -1 -1 0.5
149 43 Car -1 -1 0.0 799 174 863 202 2 3 5 -1 -1 -1 -1 0.5
149 44 Car -1 -1 0.0 724 163 780 207 2 3 5 -1 -1 -1 -1 0.5
149 45 Car -1 -1 0.0 750 180 776 206 2 3 5 -1 -1 -1 -1 0.5
150 35 Car -1 -1 0.0 662 174 684 190 2 3 5 -1 -1 -1 -1 0.5
150 37 Car -1 -1 0.0 619 174 637 188 2 3 5 -1 -1 -1 -1 0.5
150 39 Car -1 -1 0.0 696 166 736 194 2 3 5 -1 -1 -1 -1 0.5
150 40 Car -1 -1 0.0 713 177 729 195 2 3 5 -1 -1 -1 -1 0.5
150 43 Car -1 -1 0.0 795 174 861 202 2 3 5 -1 -1 -1 -1 0.5
150 44 Car -1 -1 0.0 718 164 776 206 2 3 5 -1 -1 -1 -1 0.5
151 35 Car -1 -1 0.0 659 173 681 189 2 3 5 -1 -1 -1 -1 0.5
151 37 Car -1 -1 0.0 618 174 636 188 2 3 5 -1 -1 -1 -1 0.5
151 39 Car -1 -1 0.0 686 168 718 190 2 3 5 -1 -1 -1 -1 0.5
151 43 Car -1 -1 0.0 793 174 863 202 2 3 5 -1 -1 -1 -1 0.5
151 44 Car -1 -1 0.0 716 163 770 205 2 3 5 -1 -1 -1 -1 0.5
151 45 Pedestrian -1 -1 0.0 970 167 994 221 2 3 5 -1 -1 -1 -1 0.5
152 35 Car -1 -1 0.0 659 173 681 189 2 3 5 -1 -1 -1 -1 0.5
152 37 Car -1 -1 0.0 617 173 633 187 2 3 5 -1 -1 -1 -1 0.5
152 39 Car -1 -1 0.0 675 168 699 186 2 3 5 -1 -1 -1 -1 0.5
152 43 Car -1 -1 0.0 794 174 862 202 2 3 5 -1 -1 -1 -1 0.5
152 44 Car -1 -1 0.0 712 162 764 204 2 3 5 -1 -1 -1 -1 0.5
153 35 Car -1 -1 0.0 657 173 679 189 2 3 5 -1 -1 -1 -1 0.5
153 37 Car -1 -1 0.0 615 174 631 186 2 3 5 -1 -1 -1 -1 0.5
153 43 Car -1 -1 0.0 793 174 863 200 2 3 5 -1 -1 -1 -1 0.5
153 44 Car -1 -1 0.0 707 162 761 204 2 3 5 -1 -1 -1 -1 0.5
153 45 Pedestrian -1 -1 0.0 958 166 990 222 2 3 5 -1 -1 -1 -1 0.5
154 35 Car -1 -1 0.0 655 172 677 188 2 3 5 -1 -1 -1 -1 0.5
154 37 Car -1 -1 0.0 614 174 628 186 2 3 5 -1 -1 -1 -1 0.5
154 43 Car -1 -1 0.0 791 175 863 201 2 3 5 -1 -1 -1 -1 0.5
154 44 Car -1 -1 0.0 706 162 754 202 2 3 5 -1 -1 -1 -1 0.5
155 35 Car -1 -1 0.0 654 171 674 187 2 3 5 -1 -1 -1 -1 0.5
155 43 Car -1 -1 0.0 789 174 861 202 2 3 5 -1 -1 -1 -1 0.5
155 44 Car -1 -1 0.0 704 163 748 201 2 3 5 -1 -1 -1 -1 0.5
155 45 Pedestrian -1 -1 0.0 967 170 989 222 2 3 5 -1 -1 -1 -1 0.5
156 35 Car -1 -1 0.0 653 173 673 187 2 3 5 -1 -1 -1 -1 0.5
156 43 Car -1 -1 0.0 790 174 860 202 2 3 5 -1 -1 -1 -1 0.5
156 44 Car -1 -1 0.0 700 164 742 200 2 3 5 -1 -1 -1 -1 0.5
157 35 Car -1 -1 0.0 651 172 671 186 2 3 5 -1 -1 -1 -1 0.5
157 43 Car -1 -1 0.0 789 173 859 201 2 3 5 -1 -1 -1 -1 0.5
157 44 Car -1 -1 0.0 697 164 737 200 2 3 5 -1 -1 -1 -1 0.5
158 35 Car -1 -1 0.0 649 172 669 186 2 3 5 -1 -1 -1 -1 0.5
158 43 Car -1 -1 0.0 787 174 857 200 2 3 5 -1 -1 -1 -1 0.5
158 44 Car -1 -1 0.0 694 163 732 199 2 3 5 -1 -1 -1 -1 0.5
158 45 Car -1 -1 0.0 508 168 526 184 2 3 5 -1 -1 -1 -1 0.5
159 35 Car -1 -1 0.0 646 172 666 186 2 3 5 -1 -1 -1 -1 0.5
159 43 Car -1 -1 0.0 788 175 854 201 2 3 5 -1 -1 -1 -1 0.5
159 44 Car -1 -1 0.0 691 165 727 199 2 3 5 -1 -1 -1 -1 0.5
159 46 Pedestrian -1 -1 0.0 967 167 991 221 2 3 5 -1 -1 -1 -1 0.5
160 35 Car -1 -1 0.0 647 172 665 186 2 3 5 -1 -1 -1 -1 0.5
160 43 Car -1 -1 0.0 787 175 853 201 2 3 5 -1 -1 -1 -1 0.5
160 44 Car -1 -1 0.0 689 166 723 198 2 3 5 -1 -1 -1 -1 0.5
161 35 Car -1 -1 0.0 644 172 662 186 2 3 5 -1 -1 -1 -1 0.5
161 43 Car -1 -1 0.0 786 175 850 201 2 3 5 -1 -1 -1 -1 0.5
161 44 Car -1 -1 0.0 683 167 719 197 2 3 5 -1 -1 -1 -1 0.5
161 45 Pedestrian -1 -1 0.0 961 170 991 222 2 3 5 -1 -1 -1 -1 0.5
161 46 Cyclist -1 -1 0.0 58 164 236 260 2 3 5 -1 -1 -1 -1 0.5
161 47 Pedestrian -1 -1 0.0 684 157 700 197 2 3 5 -1 -1 -1 -1 0.5
162 35 Car -1 -1 0.0 642 171 658 185 2 3 5 -1 -1 -1 -1 0.5
162 43 Car -1 -1 0.0 782 175 846 201 2 3 5 -1 -1 -1 -1 0.5
162 44 Car -1 -1 0.0 680 167 714 197 2 3 5 -1 -1 -1 -1 0.5
162 46 Cyclist -1 -1 0.0 58 164 236 260 2 3 5 -1 -1 -1 -1 0.5
163 35 Car -1 -1 0.0 639 172 655 184 2 3 5 -1 -1 -1 -1 0.5
163 43 Car -1 -1 0.0 780 174 844 200 2 3 5 -1 -1 -1 -1 0.5
163 44 Car -1 -1 0.0 676 167 710 195 2 3 5 -1 -1 -1 -1 0.5
163 47 Car -1 -1 0.0 506 169 522 185 2 3 5 -1 -1 -1 -1 0.5
164 35 Car -1 -1 0.0 638 171 652 183 2 3 5 -1 -1 -1 -1 0.5
164 43 Car -1 -1 0.0 776 174 840 200 2 3 5 -1 -1 -1 -1 0.5
164 44 Car -1 -1 0.0 674 167 706 195 2 3 5 -1 -1 -1 -1 0.5
165 43 Car -1 -1 0.0 771 174 833 200 2 3 5 -1 -1 -1 -1 0.5
165 44 Car -1 -1 0.0 669 168 703 194 2 3 5 -1 -1 -1 -1 0.5
166 43 Car -1 -1 0.0 769 174 829 200 2 3 5 -1 -1 -1 -1 0.5
166 44 Car -1 -1 0.0 671 167 701 193 2 3 5 -1 -1 -1 -1 0.5
167 43 Car -1 -1 0.0 767 174 825 200 2 3 5 -1 -1 -1 -1 0.5
167 44 Car -1 -1 0.0 667 168 697 192 2 3 5 -1 -1 -1 -1 0.5
168 43 Car -1 -1 0.0 761 173 821 199 2 3 5 -1 -1 -1 -1 0.5
168 44 Car -1 -1 0.0 666 168 694 192 2 3 5 -1 -1 -1 -1 0.5
168 45 Car -1 -1 0.0 502 169 518 189 2 3 5 -1 -1 -1 -1 0.5
169 43 Car -1 -1 0.0 759 173 817 199 2 3 5 -1 -1 -1 -1 0.5
169 44 Car -1 -1 0.0 664 168 692 192 2 3 5 -1 -1 -1 -1 0.5
170 43 Car -1 -1 0.0 754 174 812 198 2 3 5 -1 -1 -1 -1 0.5
170 44 Car -1 -1 0.0 662 168 690 192 2 3 5 -1 -1 -1 -1 0.5
170 45 Pedestrian -1 -1 0.0 681 155 699 191 2 3 5 -1 -1 -1 -1 0.5
171 43 Car -1 -1 0.0 751 174 809 198 2 3 5 -1 -1 -1 -1 0.5
171 44 Car -1 -1 0.0 660 168 688 192 2 3 5 -1 -1 -1 -1 0.5
171 46 Car -1 -1 0.0 500 169 518 187 2 3 5 -1 -1 -1 -1 0.5
172 43 Car -1 -1 0.0 747 174 805 198 2 3 5 -1 -1 -1 -1 0.5
172 44 Car -1 -1 0.0 658 168 686 192 2 3 5 -1 -1 -1 -1 0.5
173 43 Car -1 -1 0.0 742 173 802 199 2 3 5 -1 -1 -1 -1 0.5
173 44 Car -1 -1 0.0 656 167 684 191 2 3 5 -1 -1 -1 -1 0.5
173 45 Pedestrian -1 -1 0.0 678 155 694 189 2 3 5 -1 -1 -1 -1 0.5
174 43 Car -1 -1 0.0 739 174 797 198 2 3 5 -1 -1 -1 -1 0.5
174 44 Car -1 -1 0.0 655 168 681 190 2 3 5 -1 -1 -1 -1 0.5
175 43 Car -1 -1 0.0 737 174 793 198 2 3 5 -1 -1 -1 -1 0.5
175 44 Car -1 -1 0.0 654 168 680 190 2 3 5 -1 -1 -1 -1 0.5
175 45 Cyclist -1 -1 0.0 1123 162 1157 228 2 3 5 -1 -1 -1 -1 0.5
175 46 Car -1 -1 0.0 497 168 517 186 2 3 5 -1 -1 -1 -1 0.5
176 43 Car -1 -1 0.0 732 174 788 198 2 3 5 -1 -1 -1 -1 0.5
176 44 Car -1 -1 0.0 653 167 677 189 2 3 5 -1 -1 -1 -1 0.5
176 46 Car -1 -1 0.0 494 169 518 187 2 3 5 -1 -1 -1 -1 0.5
177 43 Car -1 -1 0.0 728 174 782 198 2 3 5 -1 -1 -1 -1 0.5
177 44 Car -1 -1 0.0 651 168 675 188 2 3 5 -1 -1 -1 -1 0.5
177 46 Car -1 -1 0.0 493 168 515 186 2 3 5 -1 -1 -1 -1 0.5
178 43 Car -1 -1 0.0 725 174 775 198 2 3 5 -1 -1 -1 -1 0.5
178 44 Car -1 -1 0.0 649 168 673 188 2 3 5 -1 -1 -1 -1 0.5
178 46 Car -1 -1 0.0 492 167 514 187 2 3 5 -1 -1 -1 -1 0.5
179 43 Car -1 -1 0.0 723 175 771 197 2 3 5 -1 -1 -1 -1 0.5
179 44 Car -1 -1 0.0 648 168 672 188 2 3 5 -1 -1 -1 -1 0.5
179 46 Car -1 -1 0.0 489 166 515 188 2 3 5 -1 -1 -1 -1 0.5
179 47 Pedestrian -1 -1 0.0 970 173 992 221 2 3 5 -1 -1 -1 -1 0.5
180 43 Car -1 -1 0.0 719 174 767 198 2 3 5 -1 -1 -1 -1 0.5
180 44 Car -1 -1 0.0 647 168 669 188 2 3 5 -1 -1 -1 -1 0.5
180 46 Car -1 -1 0.0 490 168 514 188 2 3 5 -1 -1 -1 -1 0.5
181 43 Car -1 -1 0.0 714 175 764 197 2 3 5 -1 -1 -1 -1 0.5
181 44 Car -1 -1 0.0 646 168 668 188 2 3 5 -1 -1 -1 -1 0.5
181 46 Car -1 -1 0.0 489 168 513 190 2 3 5 -1 -1 -1 -1 0.5
181 47 Pedestrian -1 -1 0.0 20 156 40 208 2 3 5 -1 -1 -1 -1 0.5
182 43 Car -1 -1 0.0 710 175 758 197 2 3 5 -1 -1 -1 -1 0.5
182 44 Car -1 -1 0.0 644 168 666 188 2 3 5 -1 -1 -1 -1 0.5
182 46 Car -1 -1 0.0 489 168 511 190 2 3 5 -1 -1 -1 -1 0.5
182 48 Pedestrian -1 -1 0.0 964 176 984 224 2 3 5 -1 -1 -1 -1 0.5
183 43 Car -1 -1 0.0 707 174 753 196 2 3 5 -1 -1 -1 -1 0.5
183 44 Car -1 -1 0.0 642 168 664 188 2 3 5 -1 -1 -1 -1 0.5
183 46 Car -1 -1 0.0 487 167 511 191 2 3 5 -1 -1 -1 -1 0.5
184 43 Car -1 -1 0.0 703 174 749 196 2 3 5 -1 -1 -1 -1 0.5
184 44 Car -1 -1 0.0 640 169 662 187 2 3 5 -1 -1 -1 -1 0.5
184 46 Car -1 -1 0.0 485 166 509 190 2 3 5 -1 -1 -1 -1 0.5
185 43 Car -1 -1 0.0 700 174 746 196 2 3 5 -1 -1 -1 -1 0.5
185 44 Car -1 -1 0.0 639 169 659 187 2 3 5 -1 -1 -1 -1 0.5
185 46 Car -1 -1 0.0 485 168 509 190 2 3 5 -1 -1 -1 -1 0.5
185 47 Pedestrian -1 -1 0.0 15 161 39 209 2 3 5 -1 -1 -1 -1 0.5
185 48 Pedestrian -1 -1 0.0 1125 163 1157 235 2 3 5 -1 -1 -1 -1 0.5
185 49 Pedestrian -1 -1 0.0 971 172 993 224 2 3 5 -1 -1 -1 -1 0.5
186 43 Car -1 -1 0.0 697 175 741 197 2 3 5 -1 -1 -1 -1 0.5
186 44 Car -1 -1 0.0 638 169 658 187 2 3 5 -1 -1 -1 -1 0.5
186 46 Car -1 -1 0.0 485 168 509 190 2 3 5 -1 -1 -1 -1 0.5
186 47 Pedestrian -1 -1 0.0 15 161 35 207 2 3 5 -1 -1 -1 -1 0.5
186 49 Pedestrian -1 -1 0.0 967 175 995 221 2 3 5 -1 -1 -1 -1 0.5
187 43 Car -1 -1 0.0 696 175 738 197 2 3 5 -1 -1 -1 -1 0.5
187 44 Car -1 -1 0.0 637 168 655 186 2 3 5 -1 -1 -1 -1 0.5
187 46 Car -1 -1 0.0 483 170 507 192 2 3 5 -1 -1 -1 -1 0.5
187 49 Pedestrian -1 -1 0.0 968 175 992 221 2 3 5 -1 -1 -1 -1 0.5
188 43 Car -1 -1 0.0 694 176 734 198 2 3 5 -1 -1 -1 -1 0.5
188 44 Car -1 -1 0.0 635 169 653 185 2 3 5 -1 -1 -1 -1 0.5
188 46 Car -1 -1 0.0 482 170 506 194 2 3 5 -1 -1 -1 -1 0.5
188 49 Pedestrian -1 -1 0.0 969 178 989 224 2 3 5 -1 -1 -1 -1 0.5
188 50 Pedestrian -1 -1 0.0 1139 181 1165 247 2 3 5 -1 -1 -1 -1 0.5
189 43 Car -1 -1 0.0 690 178 728 198 2 3 5 -1 -1 -1 -1 0.5
189 44 Car -1 -1 0.0 636 172 654 188 2 3 5 -1 -1 -1 -1 0.5
189 46 Car -1 -1 0.0 480 172 506 196 2 3 5 -1 -1 -1 -1 0.5
189 50 Pedestrian -1 -1 0.0 1139 181 1165 247 2 3 5 -1 -1 -1 -1 0.5
189 51 Pedestrian -1 -1 0.0 4 155 28 213 2 3 5 -1 -1 -1 -1 0.5
190 43 Car -1 -1 0.0 688 179 724 199 2 3 5 -1 -1 -1 -1 0.5
190 44 Car -1 -1 0.0 634 172 652 188 2 3 5 -1 -1 -1 -1 0.5
190 46 Car -1 -1 0.0 478 174 504 196 2 3 5 -1 -1 -1 -1 0.5
190 51 Pedestrian -1 -1 0.0 4 161 28 211 2 3 5 -1 -1 -1 -1 0.5
191 43 Car -1 -1 0.0 687 179 719 199 2 3 5 -1 -1 -1 -1 0.5
191 44 Car -1 -1 0.0 632 174 650 190 2 3 5 -1 -1 -1 -1 0.5
191 46 Car -1 -1 0.0 476 175 502 197 2 3 5 -1 -1 -1 -1 0.5
192 43 Car -1 -1 0.0 685 180 715 200 2 3 5 -1 -1 -1 -1 0.5
192 44 Car -1 -1 0.0 629 174 649 190 2 3 5 -1 -1 -1 -1 0.5
192 46 Car -1 -1 0.0 473 176 501 198 2 3 5 -1 -1 -1 -1 0.5
192 47 Pedestrian -1 -1 0.0 981 173 999 227 2 3 5 -1 -1 -1 -1 0.5
193 43 Car -1 -1 0.0 683 180 711 200 2 3 5 -1 -1 -1 -1 0.5
193 44 Car -1 -1 0.0 628 174 646 190 2 3 5 -1 -1 -1 -1 0.5
193 46 Car -1 -1 0.0 471 175 499 199 2 3 5 -1 -1 -1 -1 0.5
193 47 Pedestrian -1 -1 0.0 975 177 997 229 2 3 5 -1 -1 -1 -1 0.5
193 48 Pedestrian -1 -1 0.0 1149 184 1177 248 2 3 5 -1 -1 -1 -1 0.5
193 49 Cyclist -1 -1 0.0 33 166 139 318 2 3 5 -1 -1 -1 -1 0.5
194 43 Car -1 -1 0.0 680 181 708 201 2 3 5 -1 -1 -1 -1 0.5
194 44 Car -1 -1 0.0 626 175 644 191 2 3 5 -1 -1 -1 -1 0.5
194 46 Car -1 -1 0.0 468 176 496 200 2 3 5 -1 -1 -1 -1 0.5
194 47 Pedestrian -1 -1 0.0 973 177 995 229 2 3 5 -1 -1 -1 -1 0.5
194 49 Cyclist -1 -1 0.0 33 166 139 318 2 3 5 -1 -1 -1 -1 0.5
195 43 Car -1 -1 0.0 676 181 702 201 2 3 5 -1 -1 -1 -1 0.5
195 44 Car -1 -1 0.0 624 175 642 191 2 3 5 -1 -1 -1 -1 0.5
195 46 Car -1 -1 0.0 464 176 492 200 2 3 5 -1 -1 -1 -1 0.5
195 49 Cyclist -1 -1 0.0 33 166 139 318 2 3 5 -1 -1 -1 -1 0.5
196 43 Car -1 -1 0.0 673 182 699 200 2 3 5 -1 -1 -1 -1 0.5
196 44 Car -1 -1 0.0 621 178 637 192 2 3 5 -1 -1 -1 -1 0.5
196 46 Car -1 -1 0.0 459 177 489 201 2 3 5 -1 -1 -1 -1 0.5
197 43 Car -1 -1 0.0 668 183 694 201 2 3 5 -1 -1 -1 -1 0.5
197 44 Car -1 -1 0.0 617 179 633 193 2 3 5 -1 -1 -1 -1 0.5
197 46 Car -1 -1 0.0 457 177 487 203 2 3 5 -1 -1 -1 -1 0.5
197 47 Pedestrian -1 -1 0.0 1154 158 1198 256 2 3 5 -1 -1 -1 -1 0.5
197 48 Cyclist -1 -1 0.0 54 190 132 240 2 3 5 -1 -1 -1 -1 0.5
197 49 Pedestrian -1 -1 0.0 976 176 1002 230 2 3 5 -1 -1 -1 -1 0.5
197 50 Car -1 -1 0.0 1150 74 1240 262 2 3 5 -1 -1 -1 -1 0.5
198 43 Car -1 -1 0.0 666 184 690 202 2 3 5 -1 -1 -1 -1 0.5
198 44 Car -1 -1 0.0 615 179 631 193 2 3 5 -1 -1 -1 -1 0.5
198 46 Car -1 -1 0.0 452 178 482 204 2 3 5 -1 -1 -1 -1 0.5
198 48 Cyclist -1 -1 0.0 54 190 132 240 2 3 5 -1 -1 -1 -1 0.5
198 50 Car -1 -1 0.0 1150 74 1240 262 2 3 5 -1 -1 -1 -1 0.5
199 43 Car -1 -1 0.0 661 185 687 203 2 3 5 -1 -1 -1 -1 0.5
199 44 Car -1 -1 0.0 613 179 629 193 2 3 5 -1 -1 -1 -1 0.5
199 46 Car -1 -1 0.0 447 179 479 205 2 3 5 -1 -1 -1 -1 0.5
199 50 Car -1 -1 0.0 1150 74 1240 262 2 3 5 -1 -1 -1 -1 0.5
199 51 Cyclist -1 -1 0.0 246 174 294 288 2 3 5 -1 -1 -1 -1 0.5
199 52 Car -1 -1 0.0 20 197 100 245 2 3 5 -1 -1 -1 -1 0.5
200 43 Car -1 -1 0.0 658 186 682 204 2 3 5 -1 -1 -1 -1 0.5
200 44 Car -1 -1 0.0 607 180 623 196 2 3 5 -1 -1 -1 -1 0.5
200 46 Car -1 -1 0.0 442 179 474 207 2 3 5 -1 -1 -1 -1 0.5
200 51 Cyclist -1 -1 0.0 246 174 294 288 2 3 5 -1 -1 -1 -1 0.5
201 43 Car -1 -1 0.0 654 184 680 204 2 3 5 -1 -1 -1 -1 0.5
201 44 Car -1 -1 0.0 605 181 621 195 2 3 5 -1 -1 -1 -1 0.5
201 46 Car -1 -1 0.0 439 179 471 207 2 3 5 -1 -1 -1 -1 0.5
201 52 Car -1 -1 0.0 3 199 65 245 2 3 5 -1 -1 -1 -1 0.5
201 53 Pedestrian -1 -1 0.0 1197 186 1229 270 2 3 5 -1 -1 -1 -1 0.5
202 43 Car -1 -1 0.0 650 185 674 203 2 3 5 -1 -1 -1 -1 0.5
202 44 Car -1 -1 0.0 602 182 618 196 2 3 5 -1 -1 -1 -1 0.5
202 46 Car -1 -1 0.0 433 178 467 206 2 3 5 -1 -1 -1 -1 0.5
202 53 Pedestrian -1 -1 0.0 1208 183 1238 263 2 3 5 -1 -1 -1 -1 0.5
203 43 Car -1 -1 0.0 644 185 670 203 2 3 5 -1 -1 -1 -1 0.5
203 44 Car -1 -1 0.0 600 182 616 196 2 3 5 -1 -1 -1 -1 0.5
203 46 Car -1 -1 0.0 427 178 461 206 2 3 5 -1 -1 -1 -1 0.5
203 54 Pedestrian -1 -1 0.0 992 143 1024 235 2 3 5 -1 -1 -1 -1 0.5
204 43 Car -1 -1 0.0 642 185 666 203 2 3 5 -1 -1 -1 -1 0.5
204 44 Car -1 -1 0.0 597 182 613 196 2 3 5 -1 -1 -1 -1 0.5
204 46 Car -1 -1 0.0 421 178 457 206 2 3 5 -1 -1 -1 -1 0.5
205 43 Car -1 -1 0.0 638 183 662 201 2 3 5 -1 -1 -1 -1 0.5
205 46 Car -1 -1 0.0 416 176 452 206 2 3 5 -1 -1 -1 -1 0.5
205 47 Pedestrian -1 -1 0.0 162 140 204 216 2 3 5 -1 -1 -1 -1 0.5
205 48 Pedestrian -1 -1 0.0 182 140 198 188 2 3 5 -1 -1 -1 -1 0.5
206 43 Car -1 -1 0.0 635 182 659 200 2 3 5 -1 -1 -1 -1 0.5
206 46 Car -1 -1 0.0 411 176 449 206 2 3 5 -1 -1 -1 -1 0.5
206 48 Pedestrian -1 -1 0.0 182 140 198 188 2 3 5 -1 -1 -1 -1 0.5
206 49 Pedestrian -1 -1 0.0 320 174 334 206 2 3 5 -1 -1 -1 -1 0.5
207 43 Car -1 -1 0.0 632 181 656 199 2 3 5 -1 -1 -1 -1 0.5
207 46 Car -1 -1 0.0 408 175 446 205 2 3 5 -1 -1 -1 -1 0.5
207 49 Pedestrian -1 -1 0.0 320 174 334 206 2 3 5 -1 -1 -1 -1 0.5
207 50 Car -1 -1 0.0 8 175 56 359 2 3 5 -1 -1 -1 -1 0.5
208 43 Car -1 -1 0.0 632 179 654 197 2 3 5 -1 -1 -1 -1 0.5
208 46 Car -1 -1 0.0 406 176 444 206 2 3 5 -1 -1 -1 -1 0.5
208 50 Car -1 -1 0.0 8 175 56 359 2 3 5 -1 -1 -1 -1 0.5
208 51 Pedestrian -1 -1 0.0 148 134 184 230 2 3 5 -1 -1 -1 -1 0.5
208 52 Pedestrian -1 -1 0.0 43 147 71 229 2 3 5 -1 -1 -1 -1 0.5
209 43 Car -1 -1 0.0 632 179 654 197 2 3 5 -1 -1 -1 -1 0.5
209 46 Car -1 -1 0.0 404 175 444 205 2 3 5 -1 -1 -1 -1 0.5
209 51 Pedestrian -1 -1 0.0 148 134 184 230 2 3 5 -1 -1 -1 -1 0.5
209 53 Car -1 -1 0.0 879 181 937 205 2 3 5 -1 -1 -1 -1 0.5
210 43 Car -1 -1 0.0 632 178 654 196 2 3 5 -1 -1 -1 -1 0.5
210 46 Car -1 -1 0.0 401 174 441 206 2 3 5 -1 -1 -1 -1 0.5
210 53 Car -1 -1 0.0 879 181 937 205 2 3 5 -1 -1 -1 -1 0.5
210 54 Pedestrian -1 -1 0.0 572 180 588 230 2 3 5 -1 -1 -1 -1 0.5
211 43 Car -1 -1 0.0 633 177 655 195 2 3 5 -1 -1 -1 -1 0.5
211 46 Car -1 -1 0.0 400 174 442 206 2 3 5 -1 -1 -1 -1 0.5
211 54 Pedestrian -1 -1 0.0 572 180 588 230 2 3 5 -1 -1 -1 -1 0.5
212 43 Car -1 -1 0.0 631 177 653 195 2 3 5 -1 -1 -1 -1 0.5
212 46 Car -1 -1 0.0 401 174 445 206 2 3 5 -1 -1 -1 -1 0.5
212 55 Car -1 -1 0.0 646 178 672 196 2 3 5 -1 -1 -1 -1 0.5
212 56 Cyclist -1 -1 0.0 1101 166 1143 242 2 3 5 -1 -1 -1 -1 0.5
213 43 Car -1 -1 0.0 628 177 650 195 2 3 5 -1 -1 -1 -1 0.5
213 46 Car -1 -1 0.0 405 175 449 207 2 3 5 -1 -1 -1 -1 0.5
213 55 Car -1 -1 0.0 648 179 674 195 2 3 5 -1 -1 -1 -1 0.5
213 57 Pedestrian -1 -1 0.0 1132 164 1166 256 2 3 5 -1 -1 -1 -1 0.5
214 43 Car -1 -1 0.0 626 176 648 194 2 3 5 -1 -1 -1 -1 0.5
214 46 Car -1 -1 0.0 410 175 454 207 2 3 5 -1 -1 -1 -1 0.5
214 55 Car -1 -1 0.0 656 178 680 196 2 3 5 -1 -1 -1 -1 0.5
215 43 Car -1 -1 0.0 624 177 644 193 2 3 5 -1 -1 -1 -1 0.5
215 46 Car -1 -1 0.0 414 174 460 208 2 3 5 -1 -1 -1 -1 0.5
215 55 Car -1 -1 0.0 664 177 688 195 2 3 5 -1 -1 -1 -1 0.5
215 56 Pedestrian -1 -1 0.0 605 181 625 237 2 3 5 -1 -1 -1 -1 0.5
216 46 Car -1 -1 0.0 422 175 468 209 2 3 5 -1 -1 -1 -1 0.5
216 56 Pedestrian -1 -1 0.0 605 181 625 237 2 3 5 -1 -1 -1 -1 0.5
216 57 Car -1 -1 0.0 684 178 708 194 2 3 5 -1 -1 -1 -1 0.5
217 46 Car -1 -1 0.0 422 175 468 209 2 3 5 -1 -1 -1 -1 0.5
217 57 Car -1 -1 0.0 696 177 720 193 2 3 5 -1 -1 -1 -1 0.5
217 58 Car -1 -1 0.0 455 174 497 212 2 3 5 -1 -1 -1 -1 0.5
218 46 Car -1 -1 0.0 421 175 469 209 2 3 5 -1 -1 -1 -1 0.5
218 57 Car -1 -1 0.0 704 176 730 192 2 3 5 -1 -1 -1 -1 0.5
218 58 Car -1 -1 0.0 465 172 511 210 2 3 5 -1 -1 -1 -1 0.5
219 46 Car -1 -1 0.0 421 174 469 210 2 3 5 -1 -1 -1 -1 0.5
219 58 Car -1 -1 0.0 473 171 519 209 2 3 5 -1 -1 -1 -1 0.5
219 59 Car -1 -1 0.0 735 175 757 191 2 3 5 -1 -1 -1 -1 0.5
219 60 Pedestrian -1 -1 0.0 205 134 219 182 2 3 5 -1 -1 -1 -1 0.5
220 46 Car -1 -1 0.0 420 175 470 211 2 3 5 -1 -1 -1 -1 0.5
220 58 Car -1 -1 0.0 487 169 533 209 2 3 5 -1 -1 -1 -1 0.5
220 60 Pedestrian -1 -1 0.0 205 134 219 182 2 3 5 -1 -1 -1 -1 0.5
220 61 Car -1 -1 0.0 755 172 779 190 2 3 5 -1 -1 -1 -1 0.5
221 58 Car -1 -1 0.0 490 169 536 209 2 3 5 -1 -1 -1 -1 0.5
221 61 Car -1 -1 0.0 755 172 779 190 2 3 5 -1 -1 -1 -1 0.5
221 62 Car -1 -1 0.0 520 169 570 209 2 3 5 -1 -1 -1 -1 0.5
221 63 Car -1 -1 0.0 781 172 803 188 2 3 5 -1 -1 -1 -1 0.5
222 58 Car -1 -1 0.0 494 169 540 209 2 3 5 -1 -1 -1 -1 0.5
222 62 Car -1 -1 0.0 537 165 587 209 2 3 5 -1 -1 -1 -1 0.5
222 64 Car -1 -1 0.0 808 170 832 188 2 3 5 -1 -1 -1 -1 0.5
223 58 Car -1 -1 0.0 498 168 544 208 2 3 5 -1 -1 -1 -1 0.5
223 62 Car -1 -1 0.0 552 164 600 208 2 3 5 -1 -1 -1 -1 0.5
223 65 Pedestrian -1 -1 0.0 242 145 258 195 2 3 5 -1 -1 -1 -1 0.5
223 66 Car -1 -1 0.0 834 168 858 184 2 3 5 -1 -1 -1 -1 0.5
224 58 Car -1 -1 0.0 502 168 548 208 2 3 5 -1 -1 -1 -1 0.5
224 65 Pedestrian -1 -1 0.0 242 145 258 195 2 3 5 -1 -1 -1 -1 0.5
224 67 Pedestrian -1 -1 0.0 306 126 322 170 2 3 5 -1 -1 -1 -1 0.5
224 68 Car -1 -1 0.0 592 165 640 205 2 3 5 -1 -1 -1 -1 0.5
224 69 Car -1 -1 0.0 863 168 891 186 2 3 5 -1 -1 -1 -1 0.5
224 70 Pedestrian -1 -1 0.0 7 152 31 228 2 3 5 -1 -1 -1 -1 0.5
225 65 Pedestrian -1 -1 0.0 242 145 258 195 2 3 5 -1 -1 -1 -1 0.5
225 68 Car -1 -1 0.0 610 166 662 206 2 3 5 -1 -1 -1 -1 0.5
225 70 Pedestrian -1 -1 0.0 7 152 31 228 2 3 5 -1 -1 -1 -1 0.5
225 71 Pedestrian -1 -1 0.0 30 161 60 225 2 3 5 -1 -1 -1 -1 0.5
225 72 Pedestrian -1 -1 0.0 324 123 344 179 2 3 5 -1 -1 -1 -1 0.5
226 68 Car -1 -1 0.0 625 167 681 209 2 3 5 -1 -1 -1 -1 0.5
226 71 Pedestrian -1 -1 0.0 30 161 60 225 2 3 5 -1 -1 -1 -1 0.5
226 73 Pedestrian -1 -1 0.0 63 157 93 223 2 3 5 -1 -1 -1 -1 0.5
226 74 Pedestrian -1 -1 0.0 587 175 599 197 2 3 5 -1 -1 -1 -1 0.5
227 71 Pedestrian -1 -1 0.0 30 161 60 225 2 3 5 -1 -1 -1 -1 0.5
227 74 Pedestrian -1 -1 0.0 587 175 599 197 2 3 5 -1 -1 -1 -1 0.5
227 75 Car -1 -1 0.0 967 169 995 187 2 3 5 -1 -1 -1 -1 0.5
227 76 Pedestrian -1 -1 0.0 85 153 119 229 2 3 5 -1 -1 -1 -1 0.5
227 77 Pedestrian -1 -1 0.0 105 158 127 220 2 3 5 -1 -1 -1 -1 0.5
227 78 Car -1 -1 0.0 672 165 724 211 2 3 5 -1 -1 -1 -1 0.5
228 74 Pedestrian -1 -1 0.0 587 175 599 197 2 3 5 -1 -1 -1 -1 0.5
228 76 Pedestrian -1 -1 0.0 85 153 119 229 2 3 5 -1 -1 -1 -1 0.5
228 77 Pedestrian -1 -1 0.0 113 158 139 228 2 3 5 -1 -1 -1 -1 0.5
228 78 Car -1 -1 0.0 696 164 752 212 2 3 5 -1 -1 -1 -1 0.5
228 79 Car -1 -1 0.0 366 147 434 187 2 3 5 -1 -1 -1 -1 0.5
228 80 Car -1 -1 0.0 1008 170 1036 190 2 3 5 -1 -1 -1 -1 0.5
228 81 Pedestrian -1 -1 0.0 131 159 157 231 2 3 5 -1 -1 -1 -1 0.5
229 76 Pedestrian -1 -1 0.0 85 153 119 229 2 3 5 -1 -1 -1 -1 0.5
229 78 Car -1 -1 0.0 713 162 773 214 2 3 5 -1 -1 -1 -1 0.5
229 80 Car -1 -1 0.0 1008 170 1036 190 2 3 5 -1 -1 -1 -1 0.5
229 82 Pedestrian -1 -1 0.0 156 156 180 226 2 3 5 -1 -1 -1 -1 0.5
229 83 Car -1 -1 0.0 1052 166 1082 186 2 3 5 -1 -1 -1 -1 0.5
230 78 Car -1 -1 0.0 716 162 776 214 2 3 5 -1 -1 -1 -1 0.5
230 82 Pedestrian -1 -1 0.0 156 156 180 226 2 3 5 -1 -1 -1 -1 0.5
230 84 Pedestrian -1 -1 0.0 453 108 469 148 2 3 5 -1 -1 -1 -1 0.5
230 85 Car -1 -1 0.0 1096 162 1130 184 2 3 5 -1 -1 -1 -1 0.5
230 86 Pedestrian -1 -1 0.0 200 162 216 208 2 3 5 -1 -1 -1 -1 0.5
230 87 Pedestrian -1 -1 0.0 179 157 207 225 2 3 5 -1 -1 -1 -1 0.5
230 88 Car -1 -1 0.0 760 161 828 215 2 3 5 -1 -1 -1 -1 0.5
231 82 Pedestrian -1 -1 0.0 156 156 180 226 2 3 5 -1 -1 -1 -1 0.5
231 85 Car -1 -1 0.0 1096 162 1130 184 2 3 5 -1 -1 -1 -1 0.5
231 86 Pedestrian -1 -1 0.0 209 162 225 208 2 3 5 -1 -1 -1 -1 0.5
231 88 Car -1 -1 0.0 788 154 856 214 2 3 5 -1 -1 -1 -1 0.5
231 89 Pedestrian -1 -1 0.0 216 158 240 222 2 3 5 -1 -1 -1 -1 0.5
231 90 Car -1 -1 0.0 1150 160 1182 180 2 3 5 -1 -1 -1 -1 0.5
232 85 Car -1 -1 0.0 1096 162 1130 184 2 3 5 -1 -1 -1 -1 0.5
232 88 Car -1 -1 0.0 813 153 879 213 2 3 5 -1 -1 -1 -1 0.5
232 90 Car -1 -1 0.0 1150 160 1182 180 2 3 5 -1 -1 -1 -1 0.5
232 91 Pedestrian -1 -1 0.0 239 151 267 221 2 3 5 -1 -1 -1 -1 0.5
232 92 Pedestrian -1 -1 0.0 244 116 264 170 2 3 5 -1 -1 -1 -1 0.5
232 93 Car -1 -1 0.0 1 208 59 338 2 3 5 -1 -1 -1 -1 0.5
233 88 Car -1 -1 0.0 816 153 882 213 2 3 5 -1 -1 -1 -1 0.5
233 91 Pedestrian -1 -1 0.0 239 151 267 221 2 3 5 -1 -1 -1 -1 0.5
233 93 Car -1 -1 0.0 1 208 59 338 2 3 5 -1 -1 -1 -1 0.5
233 94 Pedestrian -1 -1 0.0 272 145 298 221 2 3 5 -1 -1 -1 -1 0.5
233 95 Car -1 -1 0.0 859 153 947 213 2 3 5 -1 -1 -1 -1 0.5
233 96 Pedestrian -1 -1 0.0 537 108 553 144 2 3 5 -1 -1 -1 -1 0.5
234 91 Pedestrian -1 -1 0.0 239 151 267 221 2 3 5 -1 -1 -1 -1 0.5
234 93 Car -1 -1 0.0 1 208 73 352 2 3 5 -1 -1 -1 -1 0.5
234 95 Car -1 -1 0.0 906 147 996 215 2 3 5 -1 -1 -1 -1 0.5
234 97 Car -1 -1 0.0 152 167 190 201 2 3 5 -1 -1 -1 -1 0.5
234 98 Pedestrian -1 -1 0.0 300 150 330 228 2 3 5 -1 -1 -1 -1 0.5
234 99 Pedestrian -1 -1 0.0 568 99 584 135 2 3 5 -1 -1 -1 -1 0.5
234 100 Car -1 -1 0.0 524 132 610 182 2 3 5 -1 -1 -1 -1 0.5
235 93 Car -1 -1 0.0 8 198 120 346 2 3 5 -1 -1 -1 -1 0.5
235 95 Car -1 -1 0.0 931 148 1023 216 2 3 5 -1 -1 -1 -1 0.5
235 98 Pedestrian -1 -1 0.0 300 150 330 228 2 3 5 -1 -1 -1 -1 0.5
235 100 Car -1 -1 0.0 524 132 610 182 2 3 5 -1 -1 -1 -1 0.5
235 101 Pedestrian -1 -1 0.0 322 151 350 217 2 3 5 -1 -1 -1 -1 0.5
236 93 Car -1 -1 0.0 3 187 107 351 2 3 5 -1 -1 -1 -1 0.5
236 98 Pedestrian -1 -1 0.0 300 150 330 228 2 3 5 -1 -1 -1 -1 0.5
236 101 Pedestrian -1 -1 0.0 322 151 350 217 2 3 5 -1 -1 -1 -1 0.5
236 102 Pedestrian -1 -1 0.0 355 139 379 219 2 3 5 -1 -1 -1 -1 0.5
236 103 Car -1 -1 0.0 994 146 1120 220 2 3 5 -1 -1 -1 -1 0.5
237 93 Car -1 -1 0.0 1 190 103 334 2 3 5 -1 -1 -1 -1 0.5
237 101 Pedestrian -1 -1 0.0 322 151 350 217 2 3 5 -1 -1 -1 -1 0.5
237 103 Car -1 -1 0.0 1045 140 1171 224 2 3 5 -1 -1 -1 -1 0.5
237 104 Pedestrian -1 -1 0.0 672 90 686 128 2 3 5 -1 -1 -1 -1 0.5
237 105 Pedestrian -1 -1 0.0 376 141 404 223 2 3 5 -1 -1 -1 -1 0.5
238 93 Car -1 -1 0.0 0 188 104 340 2 3 5 -1 -1 -1 -1 0.5
238 103 Car -1 -1 0.0 1087 137 1209 223 2 3 5 -1 -1 -1 -1 0.5
238 105 Pedestrian -1 -1 0.0 376 141 404 223 2 3 5 -1 -1 -1 -1 0.5
238 106 Pedestrian -1 -1 0.0 706 76 726 120 2 3 5 -1 -1 -1 -1 0.5
238 107 Pedestrian -1 -1 0.0 410 135 440 217 2 3 5 -1 -1 -1 -1 0.5
238 108 Pedestrian -1 -1 0.0 91 140 127 238 2 3 5 -1 -1 -1 -1 0.5
239 93 Car -1 -1 0.0 5 184 133 348 2 3 5 -1 -1 -1 -1 0.5
239 105 Pedestrian -1 -1 0.0 376 141 404 223 2 3 5 -1 -1 -1 -1 0.5
239 107 Pedestrian -1 -1 0.0 410 135 440 217 2 3 5 -1 -1 -1 -1 0.5
239 109 Car -1 -1 0.0 1190 131 1240 233 2 3 5 -1 -1 -1 -1 0.5
239 110 Pedestrian -1 -1 0.0 747 65 769 111 2 3 5 -1 -1 -1 -1 0.5
239 111 Car -1 -1 0.0 0 208 54 374 2 3 5 -1 -1 -1 -1 0.5
239 112 Pedestrian -1 -1 0.0 435 140 465 218 2 3 5 -1 -1 -1 -1 0.5
239 113 Pedestrian -1 -1 0.0 272 154 280 182 2 3 5 -1 -1 -1 -1 0.5
239 114 Pedestrian -1 -1 0.0 451 128 467 186 2 3 5 -1 -1 -1 -1 0.5
240 93 Car -1 -1 0.0 6 182 138 348 2 3 5 -1 -1 -1 -1 0.5
240 107 Pedestrian -1 -1 0.0 410 135 440 217 2 3 5 -1 -1 -1 -1 0.5
240 110 Pedestrian -1 -1 0.0 747 65 769 111 2 3 5 -1 -1 -1 -1 0.5
240 111 Car -1 -1 0.0 1 97 67 335 2 3 5 -1 -1 -1 -1 0.5
240 113 Pedestrian -1 -1 0.0 272 154 280 182 2 3 5 -1 -1 -1 -1 0.5
240 115 Pedestrian -1 -1 0.0 462 133 492 223 2 3 5 -1 -1 -1 -1 0.5
241 93 Car -1 -1 0.0 0 173 122 353 2 3 5 -1 -1 -1 -1 0.5
241 110 Pedestrian -1 -1 0.0 747 65 769 111 2 3 5 -1 -1 -1 -1 0.5
241 113 Pedestrian -1 -1 0.0 272 154 280 182 2 3 5 -1 -1 -1 -1 0.5
241 116 Pedestrian -1 -1 0.0 842 50 868 104 2 3 5 -1 -1 -1 -1 0.5
241 117 Pedestrian -1 -1 0.0 487 136 517 220 2 3 5 -1 -1 -1 -1 0.5
242 93 Car -1 -1 0.0 0 171 126 353 2 3 5 -1 -1 -1 -1 0.5
242 113 Pedestrian -1 -1 0.0 272 154 280 182 2 3 5 -1 -1 -1 -1 0.5
242 117 Pedestrian -1 -1 0.0 487 136 517 220 2 3 5 -1 -1 -1 -1 0.5
242 118 Pedestrian -1 -1 0.0 515 135 547 227 2 3 5 -1 -1 -1 -1 0.5
243 93 Car -1 -1 0.0 0 149 108 353 2 3 5 -1 -1 -1 -1 0.5
243 117 Pedestrian -1 -1 0.0 487 136 517 220 2 3 5 -1 -1 -1 -1 0.5
243 119 Pedestrian -1 -1 0.0 544 135 574 231 2 3 5 -1 -1 -1 -1 0.5
243 120 Pedestrian -1 -1 0.0 538 148 558 206 2 3 5 -1 -1 -1 -1 0.5
244 93 Car -1 -1 0.0 0 143 108 353 2 3 5 -1 -1 -1 -1 0.5
244 119 Pedestrian -1 -1 0.0 544 135 574 231 2 3 5 -1 -1 -1 -1 0.5
244 121 Car -1 -1 0.0 430 165 450 185 2 3 5 -1 -1 -1 -1 0.5
244 122 Pedestrian -1 -1 0.0 568 132 600 234 2 3 5 -1 -1 -1 -1 0.5
245 93 Car -1 -1 0.0 0 138 108 354 2 3 5 -1 -1 -1 -1 0.5
245 121 Car -1 -1 0.0 430 165 450 185 2 3 5 -1 -1 -1 -1 0.5
245 123 Pedestrian -1 -1 0.0 1163 211 1241 369 2 3 5 -1 -1 -1 -1 0.5
245 124 Pedestrian -1 -1 0.0 596 135 628 237 2 3 5 -1 -1 -1 -1 0.5
245 125 Pedestrian -1 -1 0.0 221 133 271 257 2 3 5 -1 -1 -1 -1 0.5
246 93 Car -1 -1 0.0 0 132 108 354 2 3 5 -1 -1 -1 -1 0.5
246 123 Pedestrian -1 -1 0.0 1163 211 1241 369 2 3 5 -1 -1 -1 -1 0.5
246 125 Pedestrian -1 -1 0.0 221 133 271 257 2 3 5 -1 -1 -1 -1 0.5
246 126 Pedestrian -1 -1 0.0 619 128 661 230 2 3 5 -1 -1 -1 -1 0.5
247 93 Car -1 -1 0.0 0 127 109 355 2 3 5 -1 -1 -1 -1 0.5
247 125 Pedestrian -1 -1 0.0 248 135 292 257 2 3 5 -1 -1 -1 -1 0.5
247 127 Pedestrian -1 -1 0.0 649 129 691 243 2 3 5 -1 -1 -1 -1 0.5
247 128 Car -1 -1 0.0 862 170 908 210 2 3 5 -1 -1 -1 -1 0.5
247 129 Pedestrian -1 -1 0.0 671 124 691 190 2 3 5 -1 -1 -1 -1 0.5
248 125 Pedestrian -1 -1 0.0 249 135 293 257 2 3 5 -1 -1 -1 -1 0.5
248 127 Pedestrian -1 -1 0.0 667 125 717 251 2 3 5 -1 -1 -1 -1 0.5
248 129 Pedestrian -1 -1 0.0 671 124 691 190 2 3 5 -1 -1 -1 -1 0.5
248 130 Pedestrian -1 -1 0.0 710 184 722 212 2 3 5 -1 -1 -1 -1 0.5
249 125 Pedestrian -1 -1 0.0 242 123 284 239 2 3 5 -1 -1 -1 -1 0.5
249 129 Pedestrian -1 -1 0.0 671 124 691 190 2 3 5 -1 -1 -1 -1 0.5
249 131 Pedestrian -1 -1 0.0 708 129 748 253 2 3 5 -1 -1 -1 -1 0.5
250 125 Pedestrian -1 -1 0.0 242 121 284 237 2 3 5 -1 -1 -1 -1 0.5
250 131 Pedestrian -1 -1 0.0 708 129 748 253 2 3 5 -1 -1 -1 -1 0.5
250 132 Pedestrian -1 -1 0.0 265 136 315 292 2 3 5 -1 -1 -1 -1 0.5
250 133 Pedestrian -1 -1 0.0 743 131 783 259 2 3 5 -1 -1 -1 -1 0.5
251 125 Pedestrian -1 -1 0.0 241 118 283 234 2 3 5 -1 -1 -1 -1 0.5
251 132 Pedestrian -1 -1 0.0 265 136 315 292 2 3 5 -1 -1 -1 -1 0.5
251 134 Pedestrian -1 -1 0.0 773 130 825 264 2 3 5 -1 -1 -1 -1 0.5
251 135 Car -1 -1 0.0 1223 73 1241 221 2 3 5 -1 -1 -1 -1 0.5
252 125 Pedestrian -1 -1 0.0 229 112 279 240 2 3 5 -1 -1 -1 -1 0.5
252 134 Pedestrian -1 -1 0.0 797 122 835 238 2 3 5 -1 -1 -1 -1 0.5
252 136 Pedestrian -1 -1 0.0 814 127 860 283 2 3 5 -1 -1 -1 -1 0.5
253 125 Pedestrian -1 -1 0.0 222 105 280 241 2 3 5 -1 -1 -1 -1 0.5
253 136 Pedestrian -1 -1 0.0 837 119 897 267 2 3 5 -1 -1 -1 -1 0.5
254 125 Pedestrian -1 -1 0.0 207 94 279 242 2 3 5 -1 -1 -1 -1 0.5
254 137 Pedestrian -1 -1 0.0 886 127 936 297 2 3 5 -1 -1 -1 -1 0.5
254 138 Pedestrian -1 -1 0.0 159 98 211 242 2 3 5 -1 -1 -1 -1 0.5
255 125 Pedestrian -1 -1 0.0 203 90 279 242 2 3 5 -1 -1 -1 -1 0.5
255 138 Pedestrian -1 -1 0.0 159 98 211 242 2 3 5 -1 -1 -1 -1 0.5
255 139 Pedestrian -1 -1 0.0 111 80 177 268 2 3 5 -1 -1 -1 -1 0.5
255 140 Pedestrian -1 -1 0.0 921 121 1001 303 2 3 5 -1 -1 -1 -1 0.5
255 141 Pedestrian -1 -1 0.0 930 192 994 246 2 3 5 -1 -1 -1 -1 0.5
256 125 Pedestrian -1 -1 0.0 199 86 277 240 2 3 5 -1 -1 -1 -1 0.5
256 138 Pedestrian -1 -1 0.0 111 74 203 268 2 3 5 -1 -1 -1 -1 0.5
256 140 Pedestrian -1 -1 0.0 921 121 1001 303 2 3 5 -1 -1 -1 -1 0.5
256 142 Pedestrian -1 -1 0.0 973 104 1057 294 2 3 5 -1 -1 -1 -1 0.5
256 143 Pedestrian -1 -1 0.0 21 66 135 310 2 3 5 -1 -1 -1 -1 0.5
257 125 Pedestrian -1 -1 0.0 194 81 276 239 2 3 5 -1 -1 -1 -1 0.5
257 140 Pedestrian -1 -1 0.0 921 121 1001 303 2 3 5 -1 -1 -1 -1 0.5
257 143 Pedestrian -1 -1 0.0 7 118 117 368 2 3 5 -1 -1 -1 -1 0.5
257 144 Car -1 -1 0.0 646 170 666 190 2 3 5 -1 -1 -1 -1 0.5
257 145 Pedestrian -1 -1 0.0 1052 96 1144 294 2 3 5 -1 -1 -1 -1 0.5
258 125 Pedestrian -1 -1 0.0 189 78 275 238 2 3 5 -1 -1 -1 -1 0.5
258 143 Pedestrian -1 -1 0.0 7 119 117 369 2 3 5 -1 -1 -1 -1 0.5
258 145 Pedestrian -1 -1 0.0 1052 96 1144 294 2 3 5 -1 -1 -1 -1 0.5
258 146 Car -1 -1 0.0 164 182 232 218 2 3 5 -1 -1 -1 -1 0.5
258 147 Cyclist -1 -1 0.0 521 166 545 192 2 3 5 -1 -1 -1 -1 0.5
258 148 Pedestrian -1 -1 0.0 1126 99 1240 363 2 3 5 -1 -1 -1 -1 0.5
259 143 Pedestrian -1 -1 0.0 7 119 117 369 2 3 5 -1 -1 -1 -1 0.5
259 146 Car -1 -1 0.0 164 182 232 218 2 3 5 -1 -1 -1 -1 0.5
259 148 Pedestrian -1 -1 0.0 1126 99 1240 363 2 3 5 -1 -1 -1 -1 0.5
259 149 Cyclist -1 -1 0.0 930 232 1192 280 2 3 5 -1 -1 -1 -1 0.5
259 150 Car -1 -1 0.0 694 163 738 213 2 3 5 -1 -1 -1 -1 0.5
260 146 Car -1 -1 0.0 136 177 220 215 2 3 5 -1 -1 -1 -1 0.5
260 149 Cyclist -1 -1 0.0 930 232 1192 280 2 3 5 -1 -1 -1 -1 0.5
260 151 Pedestrian -1 -1 0.0 616 159 632 189 2 3 5 -1 -1 -1 -1 0.5
260 152 Car -1 -1 0.0 641 164 671 188 2 3 5 -1 -1 -1 -1 0.5
261 149 Cyclist -1 -1 0.0 930 232 1192 280 2 3 5 -1 -1 -1 -1 0.5
261 152 Car -1 -1 0.0 641 164 671 188 2 3 5 -1 -1 -1 -1 0.5
261 153 Pedestrian -1 -1 0.0 644 160 652 186 2 3 5 -1 -1 -1 -1 0.5
262 152 Car -1 -1 0.0 641 164 671 188 2 3 5 -1 -1 -1 -1 0.5
262 154 Car -1 -1 0.0 0 74 96 150 2 3 5 -1 -1 -1 -1 0.5
263 154 Car -1 -1 0.0 0 74 96 150 2 3 5 -1 -1 -1 -1 0.5
263 155 Car -1 -1 0.0 486 163 508 181 2 3 5 -1 -1 -1 -1 0.5
264 155 Car -1 -1 0.0 484 159 504 173 2 3 5 -1 -1 -1 -1 0.5
264 156 Cyclist -1 -1 0.0 174 118 214 208 2 3 5 -1 -1 -1 -1 0.5
