0 0 Car -1 -1 0.0 596 175 684 233 2 3 5 -1 -1 -1 -1 0.5
0 1 Car -1 -1 0.0 348 181 392 209 2 3 5 -1 -1 -1 -1 0.5
0 2 Car -1 -1 0.0 422 179 466 205 2 3 5 -1 -1 -1 -1 0.5
1 0 Car -1 -1 0.0 596 177 680 231 2 3 5 -1 -1 -1 -1 0.5
1 1 Car -1 -1 0.0 334 179 382 207 2 3 5 -1 -1 -1 -1 0.5
1 2 Car -1 -1 0.0 415 178 461 206 2 3 5 -1 -1 -1 -1 0.5
2 0 Car -1 -1 0.0 595 176 677 234 2 3 5 -1 -1 -1 -1 0.5
2 1 Car -1 -1 0.0 328 179 378 209 2 3 5 -1 -1 -1 -1 0.5
2 2 Car -1 -1 0.0 411 178 457 208 2 3 5 -1 -1 -1 -1 0.5
2 3 Pedestrian -1 -1 0.0 35 153 149 229 2 3 5 -1 -1 -1 -1 0.5
3 0 Car -1 -1 0.0 594 177 674 235 2 3 5 -1 -1 -1 -1 0.5
3 1 Car -1 -1 0.0 318 180 374 212 2 3 5 -1 -1 -1 -1 0.5
3 2 Car -1 -1 0.0 402 180 452 210 2 3 5 -1 -1 -1 -1 0.5
3 3 Pedestrian -1 -1 0.0 18 149 148 231 2 3 5 -1 -1 -1 -1 0.5
4 0 Car -1 -1 0.0 591 178 669 236 2 3 5 -1 -1 -1 -1 0.5
4 1 Car -1 -1 0.0 306 182 364 214 2 3 5 -1 -1 -1 -1 0.5
4 2 Car -1 -1 0.0 388 182 442 214 2 3 5 -1 -1 -1 -1 0.5
5 0 Car -1 -1 0.0 589 179 665 237 2 3 5 -1 -1 -1 -1 0.5
5 1 Car -1 -1 0.0 289 183 351 217 2 3 5 -1 -1 -1 -1 0.5
5 2 Car -1 -1 0.0 370 184 430 218 2 3 5 -1 -1 -1 -1 0.5
6 0 Car -1 -1 0.0 587 180 661 238 2 3 5 -1 -1 -1 -1 0.5
6 1 Car -1 -1 0.0 268 182 340 220 2 3 5 -1 -1 -1 -1 0.5
6 2 Car -1 -1 0.0 348 185 416 223 2 3 5 -1 -1 -1 -1 0.5
6 3 Car -1 -1 0.0 377 185 409 213 2 3 5 -1 -1 -1 -1 0.5
7 0 Car -1 -1 0.0 584 180 658 238 2 3 5 -1 -1 -1 -1 0.5
7 1 Car -1 -1 0.0 243 185 321 225 2 3 5 -1 -1 -1 -1 0.5
7 2 Car -1 -1 0.0 319 187 399 231 2 3 5 -1 -1 -1 -1 0.5
8 0 Car -1 -1 0.0 584 181 656 241 2 3 5 -1 -1 -1 -1 0.5
8 1 Car -1 -1 0.0 213 186 305 232 2 3 5 -1 -1 -1 -1 0.5
8 2 Car -1 -1 0.0 281 189 381 239 2 3 5 -1 -1 -1 -1 0.5
8 3 Pedestrian -1 -1 0.0 327 223 335 245 2 3 5 -1 -1 -1 -1 0.5
9 0 Car -1 -1 0.0 580 180 652 242 2 3 5 -1 -1 -1 -1 0.5
9 1 Car -1 -1 0.0 175 189 267 239 2 3 5 -1 -1 -1 -1 0.5
9 2 Car -1 -1 0.0 222 190 354 248 2 3 5 -1 -1 -1 -1 0.5
9 4 Cyclist -1 -1 0.0 393 174 405 198 2 3 5 -1 -1 -1 -1 0.5
9 5 Pedestrian -1 -1 0.0 630 131 668 203 2 3 5 -1 -1 -1 -1 0.5
10 0 Car -1 -1 0.0 578 180 648 240 2 3 5 -1 -1 -1 -1 0.5
10 1 Car -1 -1 0.0 157 190 253 242 2 3 5 -1 -1 -1 -1 0.5
10 2 Car -1 -1 0.0 153 189 319 259 2 3 5 -1 -1 -1 -1 0.5
10 5 Pedestrian -1 -1 0.0 630 131 668 203 2 3 5 -1 -1 -1 -1 0.5
11 0 Car -1 -1 0.0 578 180 644 240 2 3 5 -1 -1 -1 -1 0.5
11 1 Car -1 -1 0.0 139 192 239 246 2 3 5 -1 -1 -1 -1 0.5
11 2 Car -1 -1 0.0 73 191 261 277 2 3 5 -1 -1 -1 -1 0.5
11 6 Car -1 -1 0.0 508 181 622 233 2 3 5 -1 -1 -1 -1 0.5
12 0 Car -1 -1 0.0 575 179 639 239 2 3 5 -1 -1 -1 -1 0.5
12 1 Car -1 -1 0.0 120 193 226 249 2 3 5 -1 -1 -1 -1 0.5
12 2 Car -1 -1 0.0 19 189 201 295 2 3 5 -1 -1 -1 -1 0.5
12 7 Car -1 -1 0.0 17 189 127 239 2 3 5 -1 -1 -1 -1 0.5
13 0 Car -1 -1 0.0 573 179 637 239 2 3 5 -1 -1 -1 -1 0.5
13 1 Car -1 -1 0.0 101 194 211 252 2 3 5 -1 -1 -1 -1 0.5
13 2 Car -1 -1 0.0 -18 190 175 304 2 3 5 -1 -1 -1 -1 0.5
14 0 Car -1 -1 0.0 570 178 634 238 2 3 5 -1 -1 -1 -1 0.5
14 2 Car -1 -1 0.0 -55 190 150 312 2 3 5 -1 -1 -1 -1 0.5
14 3 Car -1 -1 0.0 489 178 583 224 2 3 5 -1 -1 -1 -1 0.5
14 4 Pedestrian -1 -1 0.0 678 35 686 59 2 3 5 -1 -1 -1 -1 0.5
15 0 Car -1 -1 0.0 568 177 630 237 2 3 5 -1 -1 -1 -1 0.5
15 2 Car -1 -1 0.0 -93 191 124 321 2 3 5 -1 -1 -1 -1 0.5
15 4 Pedestrian -1 -1 0.0 678 35 686 59 2 3 5 -1 -1 -1 -1 0.5
16 0 Car -1 -1 0.0 566 175 628 237 2 3 5 -1 -1 -1 -1 0.5
16 2 Car -1 -1 0.0 -130 193 99 329 2 3 5 -1 -1 -1 -1 0.5
17 0 Car -1 -1 0.0 565 175 627 237 2 3 5 -1 -1 -1 -1 0.5
18 0 Car -1 -1 0.0 562 175 624 237 2 3 5 -1 -1 -1 -1 0.5
18 1 Car -1 -1 0.0 657 182 695 206 2 3 5 -1 -1 -1 -1 0.5
18 2 Pedestrian -1 -1 0.0 1055 186 1113 312 2 3 5 -1 -1 -1 -1 0.5
19 0 Car -1 -1 0.0 560 174 622 236 2 3 5 -1 -1 -1 -1 0.5
19 2 Pedestrian -1 -1 0.0 1055 186 1113 312 2 3 5 -1 -1 -1 -1 0.5
19 3 Pedestrian -1 -1 0.0 1126 181 1200 361 2 3 5 -1 -1 -1 -1 0.5
20 0 Car -1 -1 0.0 560 175 620 235 2 3 5 -1 -1 -1 -1 0.5
20 3 Pedestrian -1 -1 0.0 1126 181 1200 361 2 3 5 -1 -1 -1 -1 0.5
20 4 Pedestrian -1 -1 0.0 217 95 261 191 2 3 5 -1 -1 -1 -1 0.5
21 0 Car -1 -1 0.0 559 175 619 235 2 3 5 -1 -1 -1 -1 0.5
21 4 Pedestrian -1 -1 0.0 201 85 265 195 2 3 5 -1 -1 -1 -1 0.5
21 5 Car -1 -1 0.0 468 185 648 243 2 3 5 -1 -1 -1 -1 0.5
21 6 Pedestrian -1 -1 0.0 559 151 585 213 2 3 5 -1 -1 -1 -1 0.5
21 7 Car -1 -1 0.0 872 60 920 102 2 3 5 -1 -1 -1 -1 0.5
22 0 Car -1 -1 0.0 558 177 618 235 2 3 5 -1 -1 -1 -1 0.5
22 5 Car -1 -1 0.0 468 185 648 243 2 3 5 -1 -1 -1 -1 0.5
22 7 Car -1 -1 0.0 872 60 920 102 2 3 5 -1 -1 -1 -1 0.5
23 0 Car -1 -1 0.0 559 177 617 235 2 3 5 -1 -1 -1 -1 0.5
23 7 Car -1 -1 0.0 872 60 920 102 2 3 5 -1 -1 -1 -1 0.5
23 8 Car -1 -1 0.0 686 180 728 206 2 3 5 -1 -1 -1 -1 0.5
24 0 Car -1 -1 0.0 560 177 616 235 2 3 5 -1 -1 -1 -1 0.5
24 8 Car -1 -1 0.0 686 180 728 206 2 3 5 -1 -1 -1 -1 0.5
24 9 Cyclist -1 -1 0.0 765 139 795 191 2 3 5 -1 -1 -1 -1 0.5
25 0 Car -1 -1 0.0 559 177 615 235 2 3 5 -1 -1 -1 -1 0.5
25 9 Cyclist -1 -1 0.0 765 139 795 191 2 3 5 -1 -1 -1 -1 0.5
26 0 Car -1 -1 0.0 559 176 615 234 2 3 5 -1 -1 -1 -1 0.5
27 0 Car -1 -1 0.0 558 175 616 233 2 3 5 -1 -1 -1 -1 0.5
27 1 Pedestrian -1 -1 0.0 623 120 637 180 2 3 5 -1 -1 -1 -1 0.5
28 0 Car -1 -1 0.0 559 175 617 231 2 3 5 -1 -1 -1 -1 0.5
29 0 Car -1 -1 0.0 559 175 617 231 2 3 5 -1 -1 -1 -1 0.5
29 1 Pedestrian -1 -1 0.0 794 58 812 82 2 3 5 -1 -1 -1 -1 0.5
30 0 Car -1 -1 0.0 561 174 619 230 2 3 5 -1 -1 -1 -1 0.5
31 0 Car -1 -1 0.0 563 174 621 230 2 3 5 -1 -1 -1 -1 0.5
31 1 Cyclist -1 -1 0.0 1087 146 1233 356 2 3 5 -1 -1 -1 -1 0.5
32 0 Car -1 -1 0.0 564 175 622 231 2 3 5 -1 -1 -1 -1 0.5
33 0 Car -1 -1 0.0 566 175 624 231 2 3 5 -1 -1 -1 -1 0.5
33 1 Pedestrian -1 -1 0.0 178 69 228 215 2 3 5 -1 -1 -1 -1 0.5
33 2 Cyclist -1 -1 0.0 311 124 351 192 2 3 5 -1 -1 -1 -1 0.5
34 0 Car -1 -1 0.0 568 175 626 233 2 3 5 -1 -1 -1 -1 0.5
34 2 Cyclist -1 -1 0.0 311 124 351 192 2 3 5 -1 -1 -1 -1 0.5
35 0 Car -1 -1 0.0 569 175 627 233 2 3 5 -1 -1 -1 -1 0.5
35 3 Cyclist -1 -1 0.0 1042 118 1222 374 2 3 5 -1 -1 -1 -1 0.5
36 0 Car -1 -1 0.0 571 176 627 234 2 3 5 -1 -1 -1 -1 0.5
36 3 Cyclist -1 -1 0.0 1154 144 1246 366 2 3 5 -1 -1 -1 -1 0.5
37 0 Car -1 -1 0.0 573 175 629 233 2 3 5 -1 -1 -1 -1 0.5
38 0 Car -1 -1 0.0 575 174 631 232 2 3 5 -1 -1 -1 -1 0.5
39 0 Car -1 -1 0.0 576 174 632 232 2 3 5 -1 -1 -1 -1 0.5
40 0 Car -1 -1 0.0 576 174 632 232 2 3 5 -1 -1 -1 -1 0.5
41 0 Car -1 -1 0.0 577 174 633 232 2 3 5 -1 -1 -1 -1 0.5
41 1 Pedestrian -1 -1 0.0 430 74 478 192 2 3 5 -1 -1 -1 -1 0.5
42 0 Car -1 -1 0.0 577 174 633 232 2 3 5 -1 -1 -1 -1 0.5
43 0 Car -1 -1 0.0 577 174 631 232 2 3 5 -1 -1 -1 -1 0.5
44 0 Car -1 -1 0.0 577 175 631 231 2 3 5 -1 -1 -1 -1 0.5
45 0 Car -1 -1 0.0 578 176 632 232 2 3 5 -1 -1 -1 -1 0.5
45 1 Cyclist -1 -1 0.0 664 148 682 200 2 3 5 -1 -1 -1 -1 0.5
45 2 Cyclist -1 -1 0.0 416 85 424 107 2 3 5 -1 -1 -1 -1 0.5
46 0 Car -1 -1 0.0 577 177 633 231 2 3 5 -1 -1 -1 -1 0.5
46 2 Cyclist -1 -1 0.0 416 85 424 107 2 3 5 -1 -1 -1 -1 0.5
47 0 Car -1 -1 0.0 576 176 632 232 2 3 5 -1 -1 -1 -1 0.5
48 0 Car -1 -1 0.0 577 176 631 232 2 3 5 -1 -1 -1 -1 0.5
48 1 Pedestrian -1 -1 0.0 749 76 761 102 2 3 5 -1 -1 -1 -1 0.5
48 2 Cyclist -1 -1 0.0 490 167 506 191 2 3 5 -1 -1 -1 -1 0.5
48 3 Cyclist -1 -1 0.0 383 67 393 91 2 3 5 -1 -1 -1 -1 0.5
49 0 Car -1 -1 0.0 577 176 631 232 2 3 5 -1 -1 -1 -1 0.5
49 2 Cyclist -1 -1 0.0 490 167 506 191 2 3 5 -1 -1 -1 -1 0.5
50 0 Car -1 -1 0.0 576 178 630 232 2 3 5 -1 -1 -1 -1 0.5
50 3 Cyclist -1 -1 0.0 226 91 270 159 2 3 5 -1 -1 -1 -1 0.5
51 0 Car -1 -1 0.0 576 178 630 232 2 3 5 -1 -1 -1 -1 0.5
51 4 Pedestrian -1 -1 0.0 393 146 415 218 2 3 5 -1 -1 -1 -1 0.5
52 0 Car -1 -1 0.0 576 178 630 232 2 3 5 -1 -1 -1 -1 0.5
52 5 Car -1 -1 0.0 821 183 865 215 2 3 5 -1 -1 -1 -1 0.5
52 6 Pedestrian -1 -1 0.0 134 61 216 185 2 3 5 -1 -1 -1 -1 0.5
52 7 Car -1 -1 0.0 757 54 803 84 2 3 5 -1 -1 -1 -1 0.5
53 0 Car -1 -1 0.0 577 177 629 231 2 3 5 -1 -1 -1 -1 0.5
53 6 Pedestrian -1 -1 0.0 134 61 216 185 2 3 5 -1 -1 -1 -1 0.5
54 0 Car -1 -1 0.0 577 177 629 231 2 3 5 -1 -1 -1 -1 0.5
54 7 Cyclist -1 -1 0.0 1075 138 1237 350 2 3 5 -1 -1 -1 -1 0.5
55 0 Car -1 -1 0.0 575 177 627 229 2 3 5 -1 -1 -1 -1 0.5
55 8 Car -1 -1 0.0 803 161 883 197 2 3 5 -1 -1 -1 -1 0.5
56 0 Car -1 -1 0.0 573 176 625 228 2 3 5 -1 -1 -1 -1 0.5
56 9 Car -1 -1 0.0 538 170 560 184 2 3 5 -1 -1 -1 -1 0.5
57 0 Car -1 -1 0.0 573 176 623 228 2 3 5 -1 -1 -1 -1 0.5
57 10 Pedestrian -1 -1 0.0 710 51 726 95 2 3 5 -1 -1 -1 -1 0.5
57 11 Cyclist -1 -1 0.0 305 162 351 222 2 3 5 -1 -1 -1 -1 0.5
58 0 Car -1 -1 0.0 570 176 622 228 2 3 5 -1 -1 -1 -1 0.5
58 11 Cyclist -1 -1 0.0 296 168 330 228 2 3 5 -1 -1 -1 -1 0.5
59 0 Car -1 -1 0.0 569 177 621 229 2 3 5 -1 -1 -1 -1 0.5
59 12 Cyclist -1 -1 0.0 259 165 309 239 2 3 5 -1 -1 -1 -1 0.5
59 13 Car -1 -1 0.0 534 178 554 192 2 3 5 -1 -1 -1 -1 0.5
60 0 Car -1 -1 0.0 568 181 620 233 2 3 5 -1 -1 -1 -1 0.5
60 12 Cyclist -1 -1 0.0 228 147 294 241 2 3 5 -1 -1 -1 -1 0.5
61 0 Car -1 -1 0.0 566 180 620 232 2 3 5 -1 -1 -1 -1 0.5
61 12 Cyclist -1 -1 0.0 211 171 277 243 2 3 5 -1 -1 -1 -1 0.5
61 13 Car -1 -1 0.0 2 190 40 246 2 3 5 -1 -1 -1 -1 0.5
62 0 Car -1 -1 0.0 564 177 618 229 2 3 5 -1 -1 -1 -1 0.5
62 13 Car -1 -1 0.0 2 190 40 246 2 3 5 -1 -1 -1 -1 0.5
62 14 Car -1 -1 0.0 525 171 543 187 2 3 5 -1 -1 -1 -1 0.5
62 15 Cyclist -1 -1 0.0 196 202 222 244 2 3 5 -1 -1 -1 -1 0.5
62 16 Cyclist -1 -1 0.0 165 146 231 244 2 3 5 -1 -1 -1 -1 0.5
63 0 Car -1 -1 0.0 564 174 616 226 2 3 5 -1 -1 -1 -1 0.5
63 14 Car -1 -1 0.0 519 173 541 185 2 3 5 -1 -1 -1 -1 0.5
63 16 Cyclist -1 -1 0.0 165 146 231 244 2 3 5 -1 -1 -1 -1 0.5
63 17 Cyclist -1 -1 0.0 422 164 434 190 2 3 5 -1 -1 -1 -1 0.5
64 0 Car -1 -1 0.0 562 173 616 225 2 3 5 -1 -1 -1 -1 0.5
64 16 Cyclist -1 -1 0.0 165 146 231 244 2 3 5 -1 -1 -1 -1 0.5
64 17 Cyclist -1 -1 0.0 414 168 430 196 2 3 5 -1 -1 -1 -1 0.5
64 18 Car -1 -1 0.0 855 153 939 195 2 3 5 -1 -1 -1 -1 0.5
64 19 Car -1 -1 0.0 1056 165 1136 197 2 3 5 -1 -1 -1 -1 0.5
64 20 Pedestrian -1 -1 0.0 711 151 719 181 2 3 5 -1 -1 -1 -1 0.5
65 0 Car -1 -1 0.0 563 174 615 224 2 3 5 -1 -1 -1 -1 0.5
65 17 Cyclist -1 -1 0.0 408 171 426 201 2 3 5 -1 -1 -1 -1 0.5
65 19 Car -1 -1 0.0 1074 164 1178 202 2 3 5 -1 -1 -1 -1 0.5
65 21 Car -1 -1 0.0 516 178 538 194 2 3 5 -1 -1 -1 -1 0.5
66 0 Car -1 -1 0.0 563 175 615 227 2 3 5 -1 -1 -1 -1 0.5
66 17 Cyclist -1 -1 0.0 404 176 422 206 2 3 5 -1 -1 -1 -1 0.5
66 19 Car -1 -1 0.0 1083 166 1185 204 2 3 5 -1 -1 -1 -1 0.5
67 0 Car -1 -1 0.0 564 177 616 227 2 3 5 -1 -1 -1 -1 0.5
67 19 Car -1 -1 0.0 1097 167 1199 207 2 3 5 -1 -1 -1 -1 0.5
67 20 Cyclist -1 -1 0.0 388 175 408 211 2 3 5 -1 -1 -1 -1 0.5
67 21 Pedestrian -1 -1 0.0 598 180 616 226 2 3 5 -1 -1 -1 -1 0.5
67 22 Car -1 -1 0.0 509 181 535 201 2 3 5 -1 -1 -1 -1 0.5
68 0 Car -1 -1 0.0 563 176 617 226 2 3 5 -1 -1 -1 -1 0.5
68 19 Car -1 -1 0.0 1113 166 1213 208 2 3 5 -1 -1 -1 -1 0.5
68 20 Cyclist -1 -1 0.0 381 177 401 209 2 3 5 -1 -1 -1 -1 0.5
68 22 Car -1 -1 0.0 503 178 531 196 2 3 5 -1 -1 -1 -1 0.5
68 23 Car -1 -1 0.0 553 176 573 192 2 3 5 -1 -1 -1 -1 0.5
69 0 Car -1 -1 0.0 563 175 615 225 2 3 5 -1 -1 -1 -1 0.5
69 19 Car -1 -1 0.0 1132 165 1228 207 2 3 5 -1 -1 -1 -1 0.5
69 20 Cyclist -1 -1 0.0 374 175 394 207 2 3 5 -1 -1 -1 -1 0.5
69 22 Car -1 -1 0.0 501 177 529 197 2 3 5 -1 -1 -1 -1 0.5
69 23 Car -1 -1 0.0 545 175 571 191 2 3 5 -1 -1 -1 -1 0.5
69 24 Cyclist -1 -1 0.0 925 172 965 290 2 3 5 -1 -1 -1 -1 0.5
70 0 Car -1 -1 0.0 563 173 617 223 2 3 5 -1 -1 -1 -1 0.5
70 19 Car -1 -1 0.0 1155 162 1241 216 2 3 5 -1 -1 -1 -1 0.5
70 22 Car -1 -1 0.0 496 176 526 196 2 3 5 -1 -1 -1 -1 0.5
70 24 Cyclist -1 -1 0.0 925 172 965 290 2 3 5 -1 -1 -1 -1 0.5
70 25 Cyclist -1 -1 0.0 358 174 378 206 2 3 5 -1 -1 -1 -1 0.5
71 0 Car -1 -1 0.0 565 173 617 221 2 3 5 -1 -1 -1 -1 0.5
71 19 Car -1 -1 0.0 1167 162 1249 218 2 3 5 -1 -1 -1 -1 0.5
71 22 Car -1 -1 0.0 492 176 520 196 2 3 5 -1 -1 -1 -1 0.5
71 25 Cyclist -1 -1 0.0 344 173 366 209 2 3 5 -1 -1 -1 -1 0.5
71 26 Pedestrian -1 -1 0.0 598 172 620 228 2 3 5 -1 -1 -1 -1 0.5
71 27 Car -1 -1 0.0 543 174 569 190 2 3 5 -1 -1 -1 -1 0.5
72 0 Car -1 -1 0.0 562 174 616 222 2 3 5 -1 -1 -1 -1 0.5
72 19 Car -1 -1 0.0 1179 161 1259 221 2 3 5 -1 -1 -1 -1 0.5
72 22 Car -1 -1 0.0 486 177 514 199 2 3 5 -1 -1 -1 -1 0.5
72 25 Cyclist -1 -1 0.0 337 174 359 212 2 3 5 -1 -1 -1 -1 0.5
72 27 Car -1 -1 0.0 541 173 571 193 2 3 5 -1 -1 -1 -1 0.5
72 28 Cyclist -1 -1 0.0 1184 87 1240 373 2 3 5 -1 -1 -1 -1 0.5
73 0 Car -1 -1 0.0 563 173 617 223 2 3 5 -1 -1 -1 -1 0.5
73 19 Car -1 -1 0.0 1190 161 1268 223 2 3 5 -1 -1 -1 -1 0.5
73 22 Car -1 -1 0.0 480 178 510 202 2 3 5 -1 -1 -1 -1 0.5
73 27 Car -1 -1 0.0 539 175 567 195 2 3 5 -1 -1 -1 -1 0.5
73 29 Cyclist -1 -1 0.0 311 181 343 215 2 3 5 -1 -1 -1 -1 0.5
74 0 Car -1 -1 0.0 563 173 617 223 2 3 5 -1 -1 -1 -1 0.5
74 19 Car -1 -1 0.0 1202 160 1278 224 2 3 5 -1 -1 -1 -1 0.5
74 22 Car -1 -1 0.0 470 179 504 205 2 3 5 -1 -1 -1 -1 0.5
74 27 Car -1 -1 0.0 536 176 564 196 2 3 5 -1 -1 -1 -1 0.5
74 29 Cyclist -1 -1 0.0 295 180 325 218 2 3 5 -1 -1 -1 -1 0.5
75 0 Car -1 -1 0.0 563 173 617 223 2 3 5 -1 -1 -1 -1 0.5
75 22 Car -1 -1 0.0 460 181 496 209 2 3 5 -1 -1 -1 -1 0.5
75 27 Car -1 -1 0.0 532 176 560 198 2 3 5 -1 -1 -1 -1 0.5
75 29 Cyclist -1 -1 0.0 283 180 315 222 2 3 5 -1 -1 -1 -1 0.5
76 0 Car -1 -1 0.0 564 172 616 222 2 3 5 -1 -1 -1 -1 0.5
76 22 Car -1 -1 0.0 448 182 486 212 2 3 5 -1 -1 -1 -1 0.5
76 27 Car -1 -1 0.0 527 176 557 200 2 3 5 -1 -1 -1 -1 0.5
76 30 Cyclist -1 -1 0.0 247 179 289 229 2 3 5 -1 -1 -1 -1 0.5
77 0 Car -1 -1 0.0 565 172 617 222 2 3 5 -1 -1 -1 -1 0.5
77 22 Car -1 -1 0.0 434 183 478 213 2 3 5 -1 -1 -1 -1 0.5
77 27 Car -1 -1 0.0 521 178 553 202 2 3 5 -1 -1 -1 -1 0.5
77 31 Cyclist -1 -1 0.0 218 181 262 235 2 3 5 -1 -1 -1 -1 0.5
77 32 Pedestrian -1 -1 0.0 607 169 619 205 2 3 5 -1 -1 -1 -1 0.5
78 0 Car -1 -1 0.0 564 174 616 224 2 3 5 -1 -1 -1 -1 0.5
78 22 Car -1 -1 0.0 416 186 466 220 2 3 5 -1 -1 -1 -1 0.5
78 27 Car -1 -1 0.0 515 180 549 206 2 3 5 -1 -1 -1 -1 0.5
78 32 Pedestrian -1 -1 0.0 607 169 619 205 2 3 5 -1 -1 -1 -1 0.5
78 33 Pedestrian -1 -1 0.0 192 189 212 239 2 3 5 -1 -1 -1 -1 0.5
78 34 Cyclist -1 -1 0.0 180 192 226 246 2 3 5 -1 -1 -1 -1 0.5
78 35 Pedestrian -1 -1 0.0 1063 140 1211 374 2 3 5 -1 -1 -1 -1 0.5
79 0 Car -1 -1 0.0 564 177 616 227 2 3 5 -1 -1 -1 -1 0.5
79 22 Car -1 -1 0.0 395 191 451 229 2 3 5 -1 -1 -1 -1 0.5
79 27 Car -1 -1 0.0 509 183 547 213 2 3 5 -1 -1 -1 -1 0.5
79 33 Pedestrian -1 -1 0.0 192 189 212 239 2 3 5 -1 -1 -1 -1 0.5
79 35 Pedestrian -1 -1 0.0 1063 140 1211 374 2 3 5 -1 -1 -1 -1 0.5
79 36 Pedestrian -1 -1 0.0 159 198 181 250 2 3 5 -1 -1 -1 -1 0.5
79 37 Cyclist -1 -1 0.0 134 193 194 259 2 3 5 -1 -1 -1 -1 0.5
80 0 Car -1 -1 0.0 566 180 616 228 2 3 5 -1 -1 -1 -1 0.5
80 22 Car -1 -1 0.0 370 195 438 237 2 3 5 -1 -1 -1 -1 0.5
80 27 Car -1 -1 0.0 500 186 542 218 2 3 5 -1 -1 -1 -1 0.5
80 35 Pedestrian -1 -1 0.0 1063 140 1211 374 2 3 5 -1 -1 -1 -1 0.5
80 37 Cyclist -1 -1 0.0 134 193 194 259 2 3 5 -1 -1 -1 -1 0.5
80 38 Cyclist -1 -1 0.0 76 200 150 272 2 3 5 -1 -1 -1 -1 0.5
81 0 Car -1 -1 0.0 567 181 617 229 2 3 5 -1 -1 -1 -1 0.5
81 22 Car -1 -1 0.0 338 199 418 245 2 3 5 -1 -1 -1 -1 0.5
81 27 Car -1 -1 0.0 490 187 538 223 2 3 5 -1 -1 -1 -1 0.5
81 37 Cyclist -1 -1 0.0 134 193 194 259 2 3 5 -1 -1 -1 -1 0.5
81 39 Cyclist -1 -1 0.0 10 196 100 282 2 3 5 -1 -1 -1 -1 0.5
81 40 Pedestrian -1 -1 0.0 36 205 68 273 2 3 5 -1 -1 -1 -1 0.5
82 0 Car -1 -1 0.0 568 181 618 229 2 3 5 -1 -1 -1 -1 0.5
82 22 Car -1 -1 0.0 295 201 393 255 2 3 5 -1 -1 -1 -1 0.5
82 27 Car -1 -1 0.0 478 187 530 229 2 3 5 -1 -1 -1 -1 0.5
82 39 Cyclist -1 -1 0.0 -1 191 46 285 2 3 5 -1 -1 -1 -1 0.5
82 41 Pedestrian -1 -1 0.0 354 206 374 252 2 3 5 -1 -1 -1 -1 0.5
83 0 Car -1 -1 0.0 568 181 618 229 2 3 5 -1 -1 -1 -1 0.5
83 22 Car -1 -1 0.0 279 203 381 261 2 3 5 -1 -1 -1 -1 0.5
83 27 Car -1 -1 0.0 459 188 521 234 2 3 5 -1 -1 -1 -1 0.5
83 41 Pedestrian -1 -1 0.0 354 206 374 252 2 3 5 -1 -1 -1 -1 0.5
83 42 Car -1 -1 0.0 139 203 327 295 2 3 5 -1 -1 -1 -1 0.5
84 0 Car -1 -1 0.0 569 180 619 228 2 3 5 -1 -1 -1 -1 0.5
84 22 Car -1 -1 0.0 263 205 371 265 2 3 5 -1 -1 -1 -1 0.5
84 27 Car -1 -1 0.0 434 187 508 241 2 3 5 -1 -1 -1 -1 0.5
84 42 Car -1 -1 0.0 23 208 231 326 2 3 5 -1 -1 -1 -1 0.5
85 0 Car -1 -1 0.0 570 178 620 226 2 3 5 -1 -1 -1 -1 0.5
85 22 Car -1 -1 0.0 246 206 360 270 2 3 5 -1 -1 -1 -1 0.5
85 27 Car -1 -1 0.0 399 187 491 251 2 3 5 -1 -1 -1 -1 0.5
85 42 Car -1 -1 0.0 6 206 190 350 2 3 5 -1 -1 -1 -1 0.5
85 43 Cyclist -1 -1 0.0 26 204 266 316 2 3 5 -1 -1 -1 -1 0.5
86 0 Car -1 -1 0.0 572 177 620 225 2 3 5 -1 -1 -1 -1 0.5
86 22 Car -1 -1 0.0 256 202 404 284 2 3 5 -1 -1 -1 -1 0.5
86 27 Car -1 -1 0.0 387 188 483 256 2 3 5 -1 -1 -1 -1 0.5
86 43 Cyclist -1 -1 0.0 26 204 266 316 2 3 5 -1 -1 -1 -1 0.5
86 44 Cyclist -1 -1 0.0 489 138 525 194 2 3 5 -1 -1 -1 -1 0.5
87 0 Car -1 -1 0.0 572 176 620 226 2 3 5 -1 -1 -1 -1 0.5
87 22 Car -1 -1 0.0 175 201 397 313 2 3 5 -1 -1 -1 -1 0.5
87 27 Car -1 -1 0.0 375 189 477 259 2 3 5 -1 -1 -1 -1 0.5
87 44 Cyclist -1 -1 0.0 495 148 527 194 2 3 5 -1 -1 -1 -1 0.5
88 0 Car -1 -1 0.0 572 176 620 226 2 3 5 -1 -1 -1 -1 0.5
88 22 Car -1 -1 0.0 97 205 373 339 2 3 5 -1 -1 -1 -1 0.5
88 27 Car -1 -1 0.0 363 190 471 264 2 3 5 -1 -1 -1 -1 0.5
89 0 Car -1 -1 0.0 571 177 619 225 2 3 5 -1 -1 -1 -1 0.5
89 22 Car -1 -1 0.0 73 206 365 348 2 3 5 -1 -1 -1 -1 0.5
89 27 Car -1 -1 0.0 352 191 464 269 2 3 5 -1 -1 -1 -1 0.5
89 28 Car -1 -1 0.0 6 195 130 373 2 3 5 -1 -1 -1 -1 0.5
90 0 Car -1 -1 0.0 571 176 617 224 2 3 5 -1 -1 -1 -1 0.5
90 22 Car -1 -1 0.0 48 207 356 357 2 3 5 -1 -1 -1 -1 0.5
90 28 Car -1 -1 0.0 6 195 130 373 2 3 5 -1 -1 -1 -1 0.5
91 0 Car -1 -1 0.0 570 176 618 224 2 3 5 -1 -1 -1 -1 0.5
91 22 Car -1 -1 0.0 25 210 347 366 2 3 5 -1 -1 -1 -1 0.5
92 0 Car -1 -1 0.0 570 174 618 224 2 3 5 -1 -1 -1 -1 0.5
92 22 Car -1 -1 0.0 1 211 339 375 2 3 5 -1 -1 -1 -1 0.5
93 0 Car -1 -1 0.0 570 175 618 223 2 3 5 -1 -1 -1 -1 0.5
94 0 Car -1 -1 0.0 570 175 618 223 2 3 5 -1 -1 -1 -1 0.5
95 0 Car -1 -1 0.0 569 174 619 224 2 3 5 -1 -1 -1 -1 0.5
95 1 Car -1 -1 0.0 796 163 856 189 2 3 5 -1 -1 -1 -1 0.5
96 0 Car -1 -1 0.0 568 175 618 225 2 3 5 -1 -1 -1 -1 0.5
96 2 Car -1 -1 0.0 865 157 931 189 2 3 5 -1 -1 -1 -1 0.5
97 0 Car -1 -1 0.0 566 175 616 225 2 3 5 -1 -1 -1 -1 0.5
98 0 Car -1 -1 0.0 566 175 616 223 2 3 5 -1 -1 -1 -1 0.5
99 0 Car -1 -1 0.0 566 173 616 223 2 3 5 -1 -1 -1 -1 0.5
99 1 Car -1 -1 0.0 888 146 968 188 2 3 5 -1 -1 -1 -1 0.5
100 0 Car -1 -1 0.0 564 174 614 224 2 3 5 -1 -1 -1 -1 0.5
100 2 Cyclist -1 -1 0.0 1131 179 1143 205 2 3 5 -1 -1 -1 -1 0.5
101 0 Car -1 -1 0.0 563 174 615 226 2 3 5 -1 -1 -1 -1 0.5
101 3 Car -1 -1 0.0 536 179 556 195 2 3 5 -1 -1 -1 -1 0.5
102 0 Car -1 -1 0.0 564 175 614 227 2 3 5 -1 -1 -1 -1 0.5
102 4 Car -1 -1 0.0 837 160 909 190 2 3 5 -1 -1 -1 -1 0.5
102 5 Cyclist -1 -1 0.0 3 210 103 282 2 3 5 -1 -1 -1 -1 0.5
103 0 Car -1 -1 0.0 564 175 614 225 2 3 5 -1 -1 -1 -1 0.5
103 4 Car -1 -1 0.0 855 160 907 188 2 3 5 -1 -1 -1 -1 0.5
103 6 Car -1 -1 0.0 532 178 568 194 2 3 5 -1 -1 -1 -1 0.5
103 7 Car -1 -1 0.0 836 169 870 189 2 3 5 -1 -1 -1 -1 0.5
104 0 Car -1 -1 0.0 562 175 612 225 2 3 5 -1 -1 -1 -1 0.5
104 4 Car -1 -1 0.0 862 159 914 187 2 3 5 -1 -1 -1 -1 0.5
104 6 Car -1 -1 0.0 529 178 553 194 2 3 5 -1 -1 -1 -1 0.5
104 8 Pedestrian -1 -1 0.0 629 188 637 218 2 3 5 -1 -1 -1 -1 0.5
105 0 Car -1 -1 0.0 564 175 612 225 2 3 5 -1 -1 -1 -1 0.5
105 4 Car -1 -1 0.0 868 158 924 188 2 3 5 -1 -1 -1 -1 0.5
105 6 Car -1 -1 0.0 529 178 551 194 2 3 5 -1 -1 -1 -1 0.5
105 9 Car -1 -1 0.0 852 167 894 187 2 3 5 -1 -1 -1 -1 0.5
106 0 Car -1 -1 0.0 563 175 611 225 2 3 5 -1 -1 -1 -1 0.5
106 4 Car -1 -1 0.0 875 158 937 188 2 3 5 -1 -1 -1 -1 0.5
106 6 Car -1 -1 0.0 527 178 549 194 2 3 5 -1 -1 -1 -1 0.5
106 10 Cyclist -1 -1 0.0 422 138 458 206 2 3 5 -1 -1 -1 -1 0.5
106 11 Car -1 -1 0.0 1127 117 1239 197 2 3 5 -1 -1 -1 -1 0.5
107 0 Car -1 -1 0.0 562 175 612 225 2 3 5 -1 -1 -1 -1 0.5
107 4 Car -1 -1 0.0 882 157 956 189 2 3 5 -1 -1 -1 -1 0.5
107 6 Car -1 -1 0.0 524 178 546 194 2 3 5 -1 -1 -1 -1 0.5
107 11 Car -1 -1 0.0 1127 117 1239 197 2 3 5 -1 -1 -1 -1 0.5
108 0 Car -1 -1 0.0 562 176 612 226 2 3 5 -1 -1 -1 -1 0.5
108 4 Car -1 -1 0.0 895 156 973 190 2 3 5 -1 -1 -1 -1 0.5
108 6 Car -1 -1 0.0 520 178 544 196 2 3 5 -1 -1 -1 -1 0.5
108 12 Car -1 -1 0.0 868 168 932 190 2 3 5 -1 -1 -1 -1 0.5
109 0 Car -1 -1 0.0 564 176 614 224 2 3 5 -1 -1 -1 -1 0.5
109 4 Car -1 -1 0.0 910 157 984 191 2 3 5 -1 -1 -1 -1 0.5
109 6 Car -1 -1 0.0 517 178 543 196 2 3 5 -1 -1 -1 -1 0.5
109 12 Car -1 -1 0.0 883 167 937 189 2 3 5 -1 -1 -1 -1 0.5
110 0 Car -1 -1 0.0 563 175 615 225 2 3 5 -1 -1 -1 -1 0.5
110 4 Car -1 -1 0.0 925 156 1001 190 2 3 5 -1 -1 -1 -1 0.5
110 6 Car -1 -1 0.0 513 178 539 198 2 3 5 -1 -1 -1 -1 0.5
110 12 Car -1 -1 0.0 888 167 942 189 2 3 5 -1 -1 -1 -1 0.5
111 0 Car -1 -1 0.0 563 174 615 224 2 3 5 -1 -1 -1 -1 0.5
111 4 Car -1 -1 0.0 940 154 1020 190 2 3 5 -1 -1 -1 -1 0.5
111 6 Car -1 -1 0.0 508 179 536 199 2 3 5 -1 -1 -1 -1 0.5
111 12 Car -1 -1 0.0 896 166 956 190 2 3 5 -1 -1 -1 -1 0.5
112 0 Car -1 -1 0.0 563 174 617 224 2 3 5 -1 -1 -1 -1 0.5
112 4 Car -1 -1 0.0 955 153 1037 191 2 3 5 -1 -1 -1 -1 0.5
112 6 Car -1 -1 0.0 503 178 533 200 2 3 5 -1 -1 -1 -1 0.5
112 12 Car -1 -1 0.0 909 164 967 188 2 3 5 -1 -1 -1 -1 0.5
113 0 Car -1 -1 0.0 565 175 617 225 2 3 5 -1 -1 -1 -1 0.5
113 4 Car -1 -1 0.0 972 154 1062 194 2 3 5 -1 -1 -1 -1 0.5
113 6 Car -1 -1 0.0 497 179 527 203 2 3 5 -1 -1 -1 -1 0.5
113 12 Car -1 -1 0.0 918 166 980 192 2 3 5 -1 -1 -1 -1 0.5
114 0 Car -1 -1 0.0 566 176 618 226 2 3 5 -1 -1 -1 -1 0.5
114 4 Car -1 -1 0.0 990 155 1088 197 2 3 5 -1 -1 -1 -1 0.5
114 6 Car -1 -1 0.0 490 179 524 207 2 3 5 -1 -1 -1 -1 0.5
114 12 Car -1 -1 0.0 930 168 998 196 2 3 5 -1 -1 -1 -1 0.5
114 13 Car -1 -1 0.0 535 178 557 194 2 3 5 -1 -1 -1 -1 0.5
115 0 Car -1 -1 0.0 566 176 618 226 2 3 5 -1 -1 -1 -1 0.5
115 4 Car -1 -1 0.0 1010 153 1114 199 2 3 5 -1 -1 -1 -1 0.5
115 6 Car -1 -1 0.0 483 179 519 209 2 3 5 -1 -1 -1 -1 0.5
115 12 Car -1 -1 0.0 937 169 1007 197 2 3 5 -1 -1 -1 -1 0.5
115 13 Car -1 -1 0.0 533 176 557 192 2 3 5 -1 -1 -1 -1 0.5
116 0 Car -1 -1 0.0 567 174 619 226 2 3 5 -1 -1 -1 -1 0.5
116 4 Car -1 -1 0.0 1029 149 1141 199 2 3 5 -1 -1 -1 -1 0.5
116 6 Car -1 -1 0.0 472 178 512 210 2 3 5 -1 -1 -1 -1 0.5
116 12 Car -1 -1 0.0 957 165 1035 193 2 3 5 -1 -1 -1 -1 0.5
117 0 Car -1 -1 0.0 567 174 621 226 2 3 5 -1 -1 -1 -1 0.5
117 4 Car -1 -1 0.0 1048 147 1170 199 2 3 5 -1 -1 -1 -1 0.5
117 6 Car -1 -1 0.0 462 179 504 213 2 3 5 -1 -1 -1 -1 0.5
117 12 Car -1 -1 0.0 984 163 1064 191 2 3 5 -1 -1 -1 -1 0.5
117 13 Car -1 -1 0.0 526 174 550 196 2 3 5 -1 -1 -1 -1 0.5
117 14 Car -1 -1 0.0 513 177 605 225 2 3 5 -1 -1 -1 -1 0.5
118 0 Car -1 -1 0.0 569 173 621 227 2 3 5 -1 -1 -1 -1 0.5
118 4 Car -1 -1 0.0 1066 142 1200 200 2 3 5 -1 -1 -1 -1 0.5
118 6 Car -1 -1 0.0 447 181 495 217 2 3 5 -1 -1 -1 -1 0.5
118 12 Car -1 -1 0.0 1005 161 1093 191 2 3 5 -1 -1 -1 -1 0.5
118 13 Car -1 -1 0.0 521 177 547 197 2 3 5 -1 -1 -1 -1 0.5
118 15 Car -1 -1 0.0 9 209 53 275 2 3 5 -1 -1 -1 -1 0.5
119 0 Car -1 -1 0.0 568 176 622 228 2 3 5 -1 -1 -1 -1 0.5
119 4 Car -1 -1 0.0 1095 141 1229 203 2 3 5 -1 -1 -1 -1 0.5
119 6 Car -1 -1 0.0 430 183 484 223 2 3 5 -1 -1 -1 -1 0.5
119 12 Car -1 -1 0.0 1027 163 1125 199 2 3 5 -1 -1 -1 -1 0.5
119 13 Car -1 -1 0.0 520 179 548 199 2 3 5 -1 -1 -1 -1 0.5
119 16 Car -1 -1 0.0 628 177 646 191 2 3 5 -1 -1 -1 -1 0.5
120 0 Car -1 -1 0.0 569 177 623 229 2 3 5 -1 -1 -1 -1 0.5
120 4 Car -1 -1 0.0 1110 140 1250 204 2 3 5 -1 -1 -1 -1 0.5
120 6 Car -1 -1 0.0 407 185 469 231 2 3 5 -1 -1 -1 -1 0.5
120 12 Car -1 -1 0.0 1041 162 1143 200 2 3 5 -1 -1 -1 -1 0.5
120 13 Car -1 -1 0.0 517 180 545 200 2 3 5 -1 -1 -1 -1 0.5
120 16 Car -1 -1 0.0 630 174 646 192 2 3 5 -1 -1 -1 -1 0.5
120 17 Pedestrian -1 -1 0.0 628 169 638 201 2 3 5 -1 -1 -1 -1 0.5
120 18 Car -1 -1 0.0 502 184 606 230 2 3 5 -1 -1 -1 -1 0.5
121 0 Car -1 -1 0.0 568 174 622 228 2 3 5 -1 -1 -1 -1 0.5
121 4 Car -1 -1 0.0 1126 139 1270 205 2 3 5 -1 -1 -1 -1 0.5
121 6 Car -1 -1 0.0 380 186 452 236 2 3 5 -1 -1 -1 -1 0.5
121 12 Car -1 -1 0.0 1065 164 1185 202 2 3 5 -1 -1 -1 -1 0.5
121 13 Car -1 -1 0.0 513 179 541 199 2 3 5 -1 -1 -1 -1 0.5
121 16 Car -1 -1 0.0 631 171 645 189 2 3 5 -1 -1 -1 -1 0.5
121 18 Car -1 -1 0.0 502 184 606 230 2 3 5 -1 -1 -1 -1 0.5
122 0 Car -1 -1 0.0 568 173 622 225 2 3 5 -1 -1 -1 -1 0.5
122 4 Car -1 -1 0.0 1142 138 1290 206 2 3 5 -1 -1 -1 -1 0.5
122 6 Car -1 -1 0.0 345 186 433 244 2 3 5 -1 -1 -1 -1 0.5
122 12 Car -1 -1 0.0 1087 163 1219 205 2 3 5 -1 -1 -1 -1 0.5
122 13 Car -1 -1 0.0 505 176 535 198 2 3 5 -1 -1 -1 -1 0.5
122 16 Car -1 -1 0.0 631 170 647 186 2 3 5 -1 -1 -1 -1 0.5
123 0 Car -1 -1 0.0 569 171 623 223 2 3 5 -1 -1 -1 -1 0.5
123 4 Car -1 -1 0.0 1157 137 1311 207 2 3 5 -1 -1 -1 -1 0.5
123 6 Car -1 -1 0.0 331 187 425 247 2 3 5 -1 -1 -1 -1 0.5
123 12 Car -1 -1 0.0 1116 160 1242 204 2 3 5 -1 -1 -1 -1 0.5
123 13 Car -1 -1 0.0 499 175 531 199 2 3 5 -1 -1 -1 -1 0.5
123 16 Car -1 -1 0.0 631 169 647 185 2 3 5 -1 -1 -1 -1 0.5
123 17 Car -1 -1 0.0 216 184 382 282 2 3 5 -1 -1 -1 -1 0.5
123 18 Pedestrian -1 -1 0.0 521 172 531 198 2 3 5 -1 -1 -1 -1 0.5
124 0 Car -1 -1 0.0 570 171 624 223 2 3 5 -1 -1 -1 -1 0.5
124 6 Car -1 -1 0.0 319 186 417 250 2 3 5 -1 -1 -1 -1 0.5
124 12 Car -1 -1 0.0 1146 159 1258 203 2 3 5 -1 -1 -1 -1 0.5
124 13 Car -1 -1 0.0 490 175 524 201 2 3 5 -1 -1 -1 -1 0.5
124 16 Car -1 -1 0.0 632 168 648 184 2 3 5 -1 -1 -1 -1 0.5
124 17 Car -1 -1 0.0 87 195 317 317 2 3 5 -1 -1 -1 -1 0.5
125 0 Car -1 -1 0.0 569 172 623 224 2 3 5 -1 -1 -1 -1 0.5
125 6 Car -1 -1 0.0 307 187 409 253 2 3 5 -1 -1 -1 -1 0.5
125 12 Car -1 -1 0.0 1163 158 1279 204 2 3 5 -1 -1 -1 -1 0.5
125 13 Car -1 -1 0.0 480 178 518 204 2 3 5 -1 -1 -1 -1 0.5
125 16 Car -1 -1 0.0 633 169 651 185 2 3 5 -1 -1 -1 -1 0.5
125 17 Car -1 -1 0.0 37 198 257 342 2 3 5 -1 -1 -1 -1 0.5
126 0 Car -1 -1 0.0 568 174 622 226 2 3 5 -1 -1 -1 -1 0.5
126 6 Car -1 -1 0.0 294 188 400 256 2 3 5 -1 -1 -1 -1 0.5
126 12 Car -1 -1 0.0 1182 157 1300 205 2 3 5 -1 -1 -1 -1 0.5
126 13 Car -1 -1 0.0 470 181 512 211 2 3 5 -1 -1 -1 -1 0.5
126 16 Car -1 -1 0.0 634 170 652 186 2 3 5 -1 -1 -1 -1 0.5
126 18 Cyclist -1 -1 0.0 66 217 124 281 2 3 5 -1 -1 -1 -1 0.5
126 19 Pedestrian -1 -1 0.0 845 46 865 90 2 3 5 -1 -1 -1 -1 0.5
127 0 Car -1 -1 0.0 567 175 621 227 2 3 5 -1 -1 -1 -1 0.5
127 12 Car -1 -1 0.0 1200 158 1322 206 2 3 5 -1 -1 -1 -1 0.5
127 13 Car -1 -1 0.0 455 183 505 215 2 3 5 -1 -1 -1 -1 0.5
127 16 Car -1 -1 0.0 635 172 653 190 2 3 5 -1 -1 -1 -1 0.5
127 19 Pedestrian -1 -1 0.0 845 46 865 90 2 3 5 -1 -1 -1 -1 0.5
127 20 Pedestrian -1 -1 0.0 383 152 415 206 2 3 5 -1 -1 -1 -1 0.5
127 21 Pedestrian -1 -1 0.0 488 168 506 216 2 3 5 -1 -1 -1 -1 0.5
128 0 Car -1 -1 0.0 567 176 621 228 2 3 5 -1 -1 -1 -1 0.5
128 12 Car -1 -1 0.0 1218 157 1344 207 2 3 5 -1 -1 -1 -1 0.5
128 13 Car -1 -1 0.0 441 185 495 221 2 3 5 -1 -1 -1 -1 0.5
128 16 Car -1 -1 0.0 635 174 653 190 2 3 5 -1 -1 -1 -1 0.5
128 20 Pedestrian -1 -1 0.0 383 152 415 206 2 3 5 -1 -1 -1 -1 0.5
128 22 Cyclist -1 -1 0.0 0 218 44 294 2 3 5 -1 -1 -1 -1 0.5
129 0 Car -1 -1 0.0 567 175 621 227 2 3 5 -1 -1 -1 -1 0.5
129 13 Car -1 -1 0.0 423 187 483 225 2 3 5 -1 -1 -1 -1 0.5
129 16 Car -1 -1 0.0 637 175 655 191 2 3 5 -1 -1 -1 -1 0.5
129 22 Cyclist -1 -1 0.0 0 218 44 294 2 3 5 -1 -1 -1 -1 0.5
130 0 Car -1 -1 0.0 566 174 620 226 2 3 5 -1 -1 -1 -1 0.5
130 13 Car -1 -1 0.0 399 188 469 232 2 3 5 -1 -1 -1 -1 0.5
130 16 Car -1 -1 0.0 636 175 656 191 2 3 5 -1 -1 -1 -1 0.5
131 0 Car -1 -1 0.0 566 174 620 226 2 3 5 -1 -1 -1 -1 0.5
131 13 Car -1 -1 0.0 367 189 449 241 2 3 5 -1 -1 -1 -1 0.5
131 16 Car -1 -1 0.0 637 173 657 189 2 3 5 -1 -1 -1 -1 0.5
131 17 Car -1 -1 0.0 792 166 816 182 2 3 5 -1 -1 -1 -1 0.5
132 0 Car -1 -1 0.0 567 175 621 227 2 3 5 -1 -1 -1 -1 0.5
132 13 Car -1 -1 0.0 354 190 440 244 2 3 5 -1 -1 -1 -1 0.5
132 16 Car -1 -1 0.0 639 173 659 191 2 3 5 -1 -1 -1 -1 0.5
132 17 Car -1 -1 0.0 799 160 841 180 2 3 5 -1 -1 -1 -1 0.5
132 18 Pedestrian -1 -1 0.0 122 257 132 285 2 3 5 -1 -1 -1 -1 0.5
132 19 Cyclist -1 -1 0.0 240 163 254 185 2 3 5 -1 -1 -1 -1 0.5
132 20 Car -1 -1 0.0 273 195 401 271 2 3 5 -1 -1 -1 -1 0.5
133 0 Car -1 -1 0.0 568 175 622 227 2 3 5 -1 -1 -1 -1 0.5
133 13 Car -1 -1 0.0 342 191 432 249 2 3 5 -1 -1 -1 -1 0.5
133 16 Car -1 -1 0.0 638 174 660 192 2 3 5 -1 -1 -1 -1 0.5
133 18 Pedestrian -1 -1 0.0 122 257 132 285 2 3 5 -1 -1 -1 -1 0.5
133 20 Car -1 -1 0.0 199 201 359 289 2 3 5 -1 -1 -1 -1 0.5
134 0 Car -1 -1 0.0 567 176 621 228 2 3 5 -1 -1 -1 -1 0.5
134 13 Car -1 -1 0.0 328 192 424 252 2 3 5 -1 -1 -1 -1 0.5
134 16 Car -1 -1 0.0 640 175 662 193 2 3 5 -1 -1 -1 -1 0.5
134 20 Car -1 -1 0.0 108 206 338 318 2 3 5 -1 -1 -1 -1 0.5
134 21 Pedestrian -1 -1 0.0 563 153 589 211 2 3 5 -1 -1 -1 -1 0.5
135 0 Car -1 -1 0.0 567 176 621 228 2 3 5 -1 -1 -1 -1 0.5
135 13 Car -1 -1 0.0 316 193 416 255 2 3 5 -1 -1 -1 -1 0.5
135 16 Car -1 -1 0.0 640 177 662 195 2 3 5 -1 -1 -1 -1 0.5
135 20 Car -1 -1 0.0 53 207 283 343 2 3 5 -1 -1 -1 -1 0.5
136 0 Car -1 -1 0.0 567 177 621 231 2 3 5 -1 -1 -1 -1 0.5
136 16 Car -1 -1 0.0 640 178 664 196 2 3 5 -1 -1 -1 -1 0.5
136 20 Car -1 -1 0.0 12 202 206 352 2 3 5 -1 -1 -1 -1 0.5
137 0 Car -1 -1 0.0 568 178 622 232 2 3 5 -1 -1 -1 -1 0.5
137 16 Car -1 -1 0.0 641 178 665 198 2 3 5 -1 -1 -1 -1 0.5
137 20 Car -1 -1 0.0 -14 203 177 359 2 3 5 -1 -1 -1 -1 0.5
138 0 Car -1 -1 0.0 567 177 623 231 2 3 5 -1 -1 -1 -1 0.5
138 16 Car -1 -1 0.0 642 178 666 198 2 3 5 -1 -1 -1 -1 0.5
138 20 Car -1 -1 0.0 -41 204 148 366 2 3 5 -1 -1 -1 -1 0.5
138 21 Pedestrian -1 -1 0.0 568 153 594 211 2 3 5 -1 -1 -1 -1 0.5
138 22 Cyclist -1 -1 0.0 5 127 119 263 2 3 5 -1 -1 -1 -1 0.5
139 0 Car -1 -1 0.0 568 176 624 230 2 3 5 -1 -1 -1 -1 0.5
139 16 Car -1 -1 0.0 643 176 669 196 2 3 5 -1 -1 -1 -1 0.5
139 20 Car -1 -1 0.0 -68 206 119 372 2 3 5 -1 -1 -1 -1 0.5
139 22 Cyclist -1 -1 0.0 5 127 119 263 2 3 5 -1 -1 -1 -1 0.5
139 23 Car -1 -1 0.0 827 170 867 188 2 3 5 -1 -1 -1 -1 0.5
140 0 Car -1 -1 0.0 570 174 624 228 2 3 5 -1 -1 -1 -1 0.5
140 16 Car -1 -1 0.0 645 175 671 195 2 3 5 -1 -1 -1 -1 0.5
140 20 Car -1 -1 0.0 -95 208 90 380 2 3 5 -1 -1 -1 -1 0.5
140 23 Car -1 -1 0.0 835 165 875 185 2 3 5 -1 -1 -1 -1 0.5
140 24 Car -1 -1 0.0 859 160 903 188 2 3 5 -1 -1 -1 -1 0.5
141 0 Car -1 -1 0.0 571 172 625 228 2 3 5 -1 -1 -1 -1 0.5
141 16 Car -1 -1 0.0 647 174 675 196 2 3 5 -1 -1 -1 -1 0.5
141 23 Car -1 -1 0.0 836 160 882 184 2 3 5 -1 -1 -1 -1 0.5
141 24 Car -1 -1 0.0 868 160 914 184 2 3 5 -1 -1 -1 -1 0.5
142 0 Car -1 -1 0.0 572 174 628 228 2 3 5 -1 -1 -1 -1 0.5
142 16 Car -1 -1 0.0 649 174 679 196 2 3 5 -1 -1 -1 -1 0.5
142 23 Car -1 -1 0.0 842 163 884 185 2 3 5 -1 -1 -1 -1 0.5
142 24 Car -1 -1 0.0 871 160 921 186 2 3 5 -1 -1 -1 -1 0.5
143 0 Car -1 -1 0.0 572 173 628 229 2 3 5 -1 -1 -1 -1 0.5
143 16 Car -1 -1 0.0 651 175 681 197 2 3 5 -1 -1 -1 -1 0.5
143 24 Car -1 -1 0.0 878 160 928 188 2 3 5 -1 -1 -1 -1 0.5
144 0 Car -1 -1 0.0 574 173 630 229 2 3 5 -1 -1 -1 -1 0.5
144 16 Car -1 -1 0.0 653 175 685 199 2 3 5 -1 -1 -1 -1 0.5
144 24 Car -1 -1 0.0 874 164 924 190 2 3 5 -1 -1 -1 -1 0.5
144 25 Car -1 -1 0.0 899 161 957 191 2 3 5 -1 -1 -1 -1 0.5
145 0 Car -1 -1 0.0 575 173 633 229 2 3 5 -1 -1 -1 -1 0.5
145 16 Car -1 -1 0.0 656 176 688 200 2 3 5 -1 -1 -1 -1 0.5
145 24 Car -1 -1 0.0 872 166 922 190 2 3 5 -1 -1 -1 -1 0.5
145 25 Car -1 -1 0.0 906 161 964 191 2 3 5 -1 -1 -1 -1 0.5
146 0 Car -1 -1 0.0 574 174 632 232 2 3 5 -1 -1 -1 -1 0.5
146 16 Car -1 -1 0.0 657 176 693 202 2 3 5 -1 -1 -1 -1 0.5
146 24 Car -1 -1 0.0 873 167 927 191 2 3 5 -1 -1 -1 -1 0.5
146 25 Car -1 -1 0.0 910 161 972 191 2 3 5 -1 -1 -1 -1 0.5
147 0 Car -1 -1 0.0 577 175 635 233 2 3 5 -1 -1 -1 -1 0.5
147 16 Car -1 -1 0.0 660 177 696 203 2 3 5 -1 -1 -1 -1 0.5
147 24 Car -1 -1 0.0 873 168 929 192 2 3 5 -1 -1 -1 -1 0.5
147 25 Car -1 -1 0.0 921 161 979 193 2 3 5 -1 -1 -1 -1 0.5
148 0 Car -1 -1 0.0 578 174 636 232 2 3 5 -1 -1 -1 -1 0.5
148 16 Car -1 -1 0.0 662 176 700 204 2 3 5 -1 -1 -1 -1 0.5
148 24 Car -1 -1 0.0 891 169 943 193 2 3 5 -1 -1 -1 -1 0.5
148 25 Car -1 -1 0.0 930 161 992 195 2 3 5 -1 -1 -1 -1 0.5
148 26 Pedestrian -1 -1 0.0 792 128 814 188 2 3 5 -1 -1 -1 -1 0.5
149 0 Car -1 -1 0.0 579 173 639 231 2 3 5 -1 -1 -1 -1 0.5
149 16 Car -1 -1 0.0 666 178 704 206 2 3 5 -1 -1 -1 -1 0.5
149 24 Car -1 -1 0.0 902 171 956 195 2 3 5 -1 -1 -1 -1 0.5
149 25 Car -1 -1 0.0 945 163 1009 197 2 3 5 -1 -1 -1 -1 0.5
150 0 Car -1 -1 0.0 582 175 644 233 2 3 5 -1 -1 -1 -1 0.5
150 16 Car -1 -1 0.0 669 179 707 209 2 3 5 -1 -1 -1 -1 0.5
150 24 Car -1 -1 0.0 911 173 967 197 2 3 5 -1 -1 -1 -1 0.5
150 25 Car -1 -1 0.0 960 165 1028 201 2 3 5 -1 -1 -1 -1 0.5
150 26 Cyclist -1 -1 0.0 313 181 353 241 2 3 5 -1 -1 -1 -1 0.5
151 0 Car -1 -1 0.0 583 176 643 234 2 3 5 -1 -1 -1 -1 0.5
151 16 Car -1 -1 0.0 670 179 712 211 2 3 5 -1 -1 -1 -1 0.5
151 24 Car -1 -1 0.0 924 173 982 199 2 3 5 -1 -1 -1 -1 0.5
151 25 Car -1 -1 0.0 973 164 1049 202 2 3 5 -1 -1 -1 -1 0.5
151 27 Cyclist -1 -1 0.0 415 179 425 207 2 3 5 -1 -1 -1 -1 0.5
152 0 Car -1 -1 0.0 584 175 644 233 2 3 5 -1 -1 -1 -1 0.5
152 16 Car -1 -1 0.0 673 178 717 212 2 3 5 -1 -1 -1 -1 0.5
152 24 Car -1 -1 0.0 934 172 996 198 2 3 5 -1 -1 -1 -1 0.5
152 25 Car -1 -1 0.0 988 162 1072 202 2 3 5 -1 -1 -1 -1 0.5
152 28 Pedestrian -1 -1 0.0 1189 137 1239 211 2 3 5 -1 -1 -1 -1 0.5
153 0 Car -1 -1 0.0 586 172 646 232 2 3 5 -1 -1 -1 -1 0.5
153 16 Car -1 -1 0.0 676 178 722 212 2 3 5 -1 -1 -1 -1 0.5
153 24 Car -1 -1 0.0 942 168 1012 196 2 3 5 -1 -1 -1 -1 0.5
153 25 Car -1 -1 0.0 1005 159 1093 201 2 3 5 -1 -1 -1 -1 0.5
153 29 Pedestrian -1 -1 0.0 683 169 697 211 2 3 5 -1 -1 -1 -1 0.5
153 30 Cyclist -1 -1 0.0 1036 142 1222 216 2 3 5 -1 -1 -1 -1 0.5
153 31 Cyclist -1 -1 0.0 255 198 293 254 2 3 5 -1 -1 -1 -1 0.5
154 0 Car -1 -1 0.0 588 173 646 231 2 3 5 -1 -1 -1 -1 0.5
154 16 Car -1 -1 0.0 679 176 729 214 2 3 5 -1 -1 -1 -1 0.5
154 24 Car -1 -1 0.0 956 166 1026 196 2 3 5 -1 -1 -1 -1 0.5
154 25 Car -1 -1 0.0 1018 157 1114 201 2 3 5 -1 -1 -1 -1 0.5
154 29 Pedestrian -1 -1 0.0 683 170 701 220 2 3 5 -1 -1 -1 -1 0.5
154 31 Cyclist -1 -1 0.0 255 198 293 254 2 3 5 -1 -1 -1 -1 0.5
154 32 Pedestrian -1 -1 0.0 1192 120 1240 218 2 3 5 -1 -1 -1 -1 0.5
155 0 Car -1 -1 0.0 590 172 648 232 2 3 5 -1 -1 -1 -1 0.5
155 16 Car -1 -1 0.0 682 178 734 216 2 3 5 -1 -1 -1 -1 0.5
155 24 Car -1 -1 0.0 967 166 1047 196 2 3 5 -1 -1 -1 -1 0.5
155 25 Car -1 -1 0.0 1034 154 1138 202 2 3 5 -1 -1 -1 -1 0.5
155 29 Pedestrian -1 -1 0.0 689 172 707 220 2 3 5 -1 -1 -1 -1 0.5
155 32 Pedestrian -1 -1 0.0 1192 120 1240 218 2 3 5 -1 -1 -1 -1 0.5
155 33 Pedestrian -1 -1 0.0 719 105 755 219 2 3 5 -1 -1 -1 -1 0.5
155 34 Cyclist -1 -1 0.0 154 206 248 276 2 3 5 -1 -1 -1 -1 0.5
155 35 Car -1 -1 0.0 1102 160 1202 202 2 3 5 -1 -1 -1 -1 0.5
156 0 Car -1 -1 0.0 591 173 651 233 2 3 5 -1 -1 -1 -1 0.5
156 16 Car -1 -1 0.0 687 178 741 220 2 3 5 -1 -1 -1 -1 0.5
156 24 Car -1 -1 0.0 981 164 1069 196 2 3 5 -1 -1 -1 -1 0.5
156 25 Car -1 -1 0.0 1057 152 1165 202 2 3 5 -1 -1 -1 -1 0.5
156 29 Pedestrian -1 -1 0.0 694 171 712 221 2 3 5 -1 -1 -1 -1 0.5
156 33 Pedestrian -1 -1 0.0 719 105 755 219 2 3 5 -1 -1 -1 -1 0.5
156 35 Car -1 -1 0.0 1102 160 1202 202 2 3 5 -1 -1 -1 -1 0.5
156 36 Cyclist -1 -1 0.0 570 158 590 188 2 3 5 -1 -1 -1 -1 0.5
157 0 Car -1 -1 0.0 594 173 652 233 2 3 5 -1 -1 -1 -1 0.5
157 16 Car -1 -1 0.0 692 178 750 222 2 3 5 -1 -1 -1 -1 0.5
157 24 Car -1 -1 0.0 997 164 1093 198 2 3 5 -1 -1 -1 -1 0.5
157 25 Car -1 -1 0.0 1070 152 1182 202 2 3 5 -1 -1 -1 -1 0.5
157 29 Pedestrian -1 -1 0.0 694 173 710 223 2 3 5 -1 -1 -1 -1 0.5
157 35 Car -1 -1 0.0 1100 150 1218 204 2 3 5 -1 -1 -1 -1 0.5
157 37 Pedestrian -1 -1 0.0 708 176 722 226 2 3 5 -1 -1 -1 -1 0.5
157 38 Cyclist -1 -1 0.0 70 213 150 289 2 3 5 -1 -1 -1 -1 0.5
157 39 Pedestrian -1 -1 0.0 1156 107 1240 373 2 3 5 -1 -1 -1 -1 0.5
158 0 Car -1 -1 0.0 595 174 655 232 2 3 5 -1 -1 -1 -1 0.5
158 16 Car -1 -1 0.0 698 177 758 225 2 3 5 -1 -1 -1 -1 0.5
158 24 Car -1 -1 0.0 1011 163 1115 199 2 3 5 -1 -1 -1 -1 0.5
158 25 Car -1 -1 0.0 1084 151 1200 203 2 3 5 -1 -1 -1 -1 0.5
158 29 Pedestrian -1 -1 0.0 696 174 712 224 2 3 5 -1 -1 -1 -1 0.5
158 35 Car -1 -1 0.0 1107 149 1227 207 2 3 5 -1 -1 -1 -1 0.5
158 37 Pedestrian -1 -1 0.0 709 170 727 228 2 3 5 -1 -1 -1 -1 0.5
158 39 Pedestrian -1 -1 0.0 1156 107 1240 373 2 3 5 -1 -1 -1 -1 0.5
159 0 Car -1 -1 0.0 595 173 657 231 2 3 5 -1 -1 -1 -1 0.5
159 16 Car -1 -1 0.0 702 177 766 229 2 3 5 -1 -1 -1 -1 0.5
159 24 Car -1 -1 0.0 1033 163 1143 201 2 3 5 -1 -1 -1 -1 0.5
159 25 Car -1 -1 0.0 1096 150 1218 204 2 3 5 -1 -1 -1 -1 0.5
159 29 Pedestrian -1 -1 0.0 697 174 713 224 2 3 5 -1 -1 -1 -1 0.5
159 35 Car -1 -1 0.0 1126 149 1236 207 2 3 5 -1 -1 -1 -1 0.5
159 37 Pedestrian -1 -1 0.0 714 171 732 233 2 3 5 -1 -1 -1 -1 0.5
160 0 Car -1 -1 0.0 597 174 659 232 2 3 5 -1 -1 -1 -1 0.5
160 16 Car -1 -1 0.0 710 176 778 232 2 3 5 -1 -1 -1 -1 0.5
160 24 Car -1 -1 0.0 1049 163 1159 201 2 3 5 -1 -1 -1 -1 0.5
160 25 Car -1 -1 0.0 1109 149 1235 205 2 3 5 -1 -1 -1 -1 0.5
160 29 Pedestrian -1 -1 0.0 698 174 714 226 2 3 5 -1 -1 -1 -1 0.5
160 35 Car -1 -1 0.0 1131 149 1239 207 2 3 5 -1 -1 -1 -1 0.5
160 38 Cyclist -1 -1 0.0 1196 137 1238 333 2 3 5 -1 -1 -1 -1 0.5
160 39 Pedestrian -1 -1 0.0 732 173 748 237 2 3 5 -1 -1 -1 -1 0.5
161 0 Car -1 -1 0.0 598 174 660 234 2 3 5 -1 -1 -1 -1 0.5
161 16 Car -1 -1 0.0 716 177 794 237 2 3 5 -1 -1 -1 -1 0.5
161 24 Car -1 -1 0.0 1069 162 1193 202 2 3 5 -1 -1 -1 -1 0.5
161 29 Pedestrian -1 -1 0.0 699 175 715 227 2 3 5 -1 -1 -1 -1 0.5
161 35 Car -1 -1 0.0 1135 149 1243 207 2 3 5 -1 -1 -1 -1 0.5
161 39 Pedestrian -1 -1 0.0 739 172 757 242 2 3 5 -1 -1 -1 -1 0.5
161 40 Cyclist -1 -1 0.0 0 107 42 189 2 3 5 -1 -1 -1 -1 0.5
162 0 Car -1 -1 0.0 598 174 660 234 2 3 5 -1 -1 -1 -1 0.5
162 16 Car -1 -1 0.0 725 179 809 243 2 3 5 -1 -1 -1 -1 0.5
162 24 Car -1 -1 0.0 1093 162 1219 204 2 3 5 -1 -1 -1 -1 0.5
162 35 Car -1 -1 0.0 1140 148 1246 208 2 3 5 -1 -1 -1 -1 0.5
162 40 Cyclist -1 -1 0.0 0 107 42 189 2 3 5 -1 -1 -1 -1 0.5
162 41 Pedestrian -1 -1 0.0 754 168 774 250 2 3 5 -1 -1 -1 -1 0.5
163 0 Car -1 -1 0.0 599 174 661 234 2 3 5 -1 -1 -1 -1 0.5
163 16 Car -1 -1 0.0 733 180 829 250 2 3 5 -1 -1 -1 -1 0.5
163 24 Car -1 -1 0.0 1106 161 1236 205 2 3 5 -1 -1 -1 -1 0.5
163 35 Car -1 -1 0.0 1141 158 1243 208 2 3 5 -1 -1 -1 -1 0.5
163 41 Pedestrian -1 -1 0.0 765 168 789 256 2 3 5 -1 -1 -1 -1 0.5
164 0 Car -1 -1 0.0 600 174 662 234 2 3 5 -1 -1 -1 -1 0.5
164 16 Car -1 -1 0.0 747 181 849 259 2 3 5 -1 -1 -1 -1 0.5
164 24 Car -1 -1 0.0 1118 161 1252 205 2 3 5 -1 -1 -1 -1 0.5
164 35 Car -1 -1 0.0 1168 158 1244 210 2 3 5 -1 -1 -1 -1 0.5
164 42 Pedestrian -1 -1 0.0 782 168 810 278 2 3 5 -1 -1 -1 -1 0.5
165 0 Car -1 -1 0.0 600 175 664 235 2 3 5 -1 -1 -1 -1 0.5
165 16 Car -1 -1 0.0 759 183 877 269 2 3 5 -1 -1 -1 -1 0.5
165 24 Car -1 -1 0.0 1131 161 1269 207 2 3 5 -1 -1 -1 -1 0.5
165 35 Car -1 -1 0.0 1175 159 1247 211 2 3 5 -1 -1 -1 -1 0.5
165 43 Pedestrian -1 -1 0.0 809 177 843 287 2 3 5 -1 -1 -1 -1 0.5
166 0 Car -1 -1 0.0 601 176 663 236 2 3 5 -1 -1 -1 -1 0.5
166 16 Car -1 -1 0.0 775 187 915 283 2 3 5 -1 -1 -1 -1 0.5
166 24 Car -1 -1 0.0 1144 160 1286 208 2 3 5 -1 -1 -1 -1 0.5
166 35 Car -1 -1 0.0 1182 161 1250 211 2 3 5 -1 -1 -1 -1 0.5
166 44 Car -1 -1 0.0 996 164 1096 200 2 3 5 -1 -1 -1 -1 0.5
166 45 Pedestrian -1 -1 0.0 836 169 874 315 2 3 5 -1 -1 -1 -1 0.5
167 0 Car -1 -1 0.0 600 177 662 237 2 3 5 -1 -1 -1 -1 0.5
167 16 Car -1 -1 0.0 792 190 960 298 2 3 5 -1 -1 -1 -1 0.5
167 35 Car -1 -1 0.0 1189 162 1253 212 2 3 5 -1 -1 -1 -1 0.5
167 45 Pedestrian -1 -1 0.0 836 169 874 315 2 3 5 -1 -1 -1 -1 0.5
167 46 Pedestrian -1 -1 0.0 874 170 922 330 2 3 5 -1 -1 -1 -1 0.5
168 0 Car -1 -1 0.0 601 176 663 236 2 3 5 -1 -1 -1 -1 0.5
168 16 Car -1 -1 0.0 806 188 988 296 2 3 5 -1 -1 -1 -1 0.5
168 35 Car -1 -1 0.0 1196 163 1256 213 2 3 5 -1 -1 -1 -1 0.5
168 46 Pedestrian -1 -1 0.0 874 170 922 330 2 3 5 -1 -1 -1 -1 0.5
168 47 Car -1 -1 0.0 824 181 1162 365 2 3 5 -1 -1 -1 -1 0.5
168 48 Pedestrian -1 -1 0.0 929 161 997 373 2 3 5 -1 -1 -1 -1 0.5
169 0 Car -1 -1 0.0 602 176 664 236 2 3 5 -1 -1 -1 -1 0.5
169 16 Car -1 -1 0.0 815 189 1005 301 2 3 5 -1 -1 -1 -1 0.5
169 46 Pedestrian -1 -1 0.0 874 170 922 330 2 3 5 -1 -1 -1 -1 0.5
169 47 Car -1 -1 0.0 835 182 1201 362 2 3 5 -1 -1 -1 -1 0.5
169 49 Pedestrian -1 -1 0.0 1026 160 1112 374 2 3 5 -1 -1 -1 -1 0.5
169 50 Car -1 -1 0.0 1089 191 1227 373 2 3 5 -1 -1 -1 -1 0.5
170 0 Car -1 -1 0.0 600 177 662 237 2 3 5 -1 -1 -1 -1 0.5
170 16 Car -1 -1 0.0 823 190 1021 306 2 3 5 -1 -1 -1 -1 0.5
170 47 Car -1 -1 0.0 866 176 1220 364 2 3 5 -1 -1 -1 -1 0.5
170 50 Car -1 -1 0.0 1089 191 1227 373 2 3 5 -1 -1 -1 -1 0.5
170 51 Pedestrian -1 -1 0.0 1192 180 1240 372 2 3 5 -1 -1 -1 -1 0.5
170 52 Cyclist -1 -1 0.0 34 222 44 242 2 3 5 -1 -1 -1 -1 0.5
171 0 Car -1 -1 0.0 601 178 663 238 2 3 5 -1 -1 -1 -1 0.5
171 16 Car -1 -1 0.0 832 191 1036 311 2 3 5 -1 -1 -1 -1 0.5
171 47 Car -1 -1 0.0 897 176 1233 368 2 3 5 -1 -1 -1 -1 0.5
171 51 Pedestrian -1 -1 0.0 1192 180 1240 372 2 3 5 -1 -1 -1 -1 0.5
172 0 Car -1 -1 0.0 601 178 663 238 2 3 5 -1 -1 -1 -1 0.5
172 16 Car -1 -1 0.0 840 192 1052 316 2 3 5 -1 -1 -1 -1 0.5
172 47 Car -1 -1 0.0 981 184 1249 372 2 3 5 -1 -1 -1 -1 0.5
172 52 Car -1 -1 0.0 1171 120 1233 228 2 3 5 -1 -1 -1 -1 0.5
172 53 Cyclist -1 -1 0.0 257 25 273 51 2 3 5 -1 -1 -1 -1 0.5
173 0 Car -1 -1 0.0 601 178 663 238 2 3 5 -1 -1 -1 -1 0.5
173 47 Car -1 -1 0.0 1004 185 1260 373 2 3 5 -1 -1 -1 -1 0.5
173 52 Car -1 -1 0.0 1128 127 1222 205 2 3 5 -1 -1 -1 -1 0.5
174 0 Car -1 -1 0.0 601 178 665 238 2 3 5 -1 -1 -1 -1 0.5
174 47 Car -1 -1 0.0 1028 187 1272 375 2 3 5 -1 -1 -1 -1 0.5
175 0 Car -1 -1 0.0 601 178 663 240 2 3 5 -1 -1 -1 -1 0.5
175 47 Car -1 -1 0.0 1051 188 1283 376 2 3 5 -1 -1 -1 -1 0.5
175 48 Car -1 -1 0.0 244 125 270 143 2 3 5 -1 -1 -1 -1 0.5
176 0 Car -1 -1 0.0 600 178 664 240 2 3 5 -1 -1 -1 -1 0.5
176 47 Car -1 -1 0.0 1075 189 1295 377 2 3 5 -1 -1 -1 -1 0.5
177 0 Car -1 -1 0.0 601 177 663 241 2 3 5 -1 -1 -1 -1 0.5
177 48 Pedestrian -1 -1 0.0 1214 110 1238 188 2 3 5 -1 -1 -1 -1 0.5
178 0 Car -1 -1 0.0 600 177 664 239 2 3 5 -1 -1 -1 -1 0.5
179 0 Car -1 -1 0.0 598 176 664 240 2 3 5 -1 -1 -1 -1 0.5
179 1 Pedestrian -1 -1 0.0 534 152 552 186 2 3 5 -1 -1 -1 -1 0.5
180 0 Car -1 -1 0.0 596 175 664 239 2 3 5 -1 -1 -1 -1 0.5
180 2 Cyclist -1 -1 0.0 730 150 752 204 2 3 5 -1 -1 -1 -1 0.5
181 0 Car -1 -1 0.0 597 176 665 240 2 3 5 -1 -1 -1 -1 0.5
182 0 Car -1 -1 0.0 596 174 664 240 2 3 5 -1 -1 -1 -1 0.5
182 1 Cyclist -1 -1 0.0 1202 30 1240 80 2 3 5 -1 -1 -1 -1 0.5
183 0 Car -1 -1 0.0 594 173 662 237 2 3 5 -1 -1 -1 -1 0.5
184 0 Car -1 -1 0.0 594 172 664 236 2 3 5 -1 -1 -1 -1 0.5
185 0 Car -1 -1 0.0 594 169 664 235 2 3 5 -1 -1 -1 -1 0.5
186 0 Car -1 -1 0.0 594 168 662 234 2 3 5 -1 -1 -1 -1 0.5
187 0 Car -1 -1 0.0 594 169 664 235 2 3 5 -1 -1 -1 -1 0.5
187 1 Cyclist -1 -1 0.0 1167 146 1239 352 2 3 5 -1 -1 -1 -1 0.5
188 0 Car -1 -1 0.0 594 168 662 236 2 3 5 -1 -1 -1 -1 0.5
188 2 Cyclist -1 -1 0.0 787 147 809 211 2 3 5 -1 -1 -1 -1 0.5
188 3 Pedestrian -1 -1 0.0 496 166 508 194 2 3 5 -1 -1 -1 -1 0.5
189 0 Car -1 -1 0.0 593 168 661 236 2 3 5 -1 -1 -1 -1 0.5
189 3 Pedestrian -1 -1 0.0 496 166 508 194 2 3 5 -1 -1 -1 -1 0.5
190 0 Car -1 -1 0.0 594 169 664 237 2 3 5 -1 -1 -1 -1 0.5
190 3 Pedestrian -1 -1 0.0 490 164 502 192 2 3 5 -1 -1 -1 -1 0.5
190 4 Car -1 -1 0.0 11 195 75 235 2 3 5 -1 -1 -1 -1 0.5
191 0 Car -1 -1 0.0 595 171 665 239 2 3 5 -1 -1 -1 -1 0.5
191 4 Car -1 -1 0.0 11 195 75 235 2 3 5 -1 -1 -1 -1 0.5
192 0 Car -1 -1 0.0 595 172 665 240 2 3 5 -1 -1 -1 -1 0.5
192 5 Pedestrian -1 -1 0.0 1122 67 1178 227 2 3 5 -1 -1 -1 -1 0.5
193 0 Car -1 -1 0.0 594 172 664 240 2 3 5 -1 -1 -1 -1 0.5
193 6 Pedestrian -1 -1 0.0 1061 167 1153 361 2 3 5 -1 -1 -1 -1 0.5
194 0 Car -1 -1 0.0 592 173 664 241 2 3 5 -1 -1 -1 -1 0.5
194 7 Cyclist -1 -1 0.0 470 172 486 198 2 3 5 -1 -1 -1 -1 0.5
195 0 Car -1 -1 0.0 593 173 663 241 2 3 5 -1 -1 -1 -1 0.5
195 8 Pedestrian -1 -1 0.0 466 172 474 198 2 3 5 -1 -1 -1 -1 0.5
196 0 Car -1 -1 0.0 593 173 665 241 2 3 5 -1 -1 -1 -1 0.5
196 9 Cyclist -1 -1 0.0 460 171 476 201 2 3 5 -1 -1 -1 -1 0.5
197 0 Car -1 -1 0.0 594 174 664 242 2 3 5 -1 -1 -1 -1 0.5
197 10 Pedestrian -1 -1 0.0 456 175 464 201 2 3 5 -1 -1 -1 -1 0.5
197 11 Cyclist -1 -1 0.0 174 165 190 189 2 3 5 -1 -1 -1 -1 0.5
198 0 Car -1 -1 0.0 593 173 665 241 2 3 5 -1 -1 -1 -1 0.5
198 10 Pedestrian -1 -1 0.0 449 171 459 199 2 3 5 -1 -1 -1 -1 0.5
198 12 Pedestrian -1 -1 0.0 598 158 618 216 2 3 5 -1 -1 -1 -1 0.5
199 0 Car -1 -1 0.0 594 173 664 241 2 3 5 -1 -1 -1 -1 0.5
199 10 Pedestrian -1 -1 0.0 445 173 455 201 2 3 5 -1 -1 -1 -1 0.5
200 0 Car -1 -1 0.0 594 172 662 240 2 3 5 -1 -1 -1 -1 0.5
200 11 Pedestrian -1 -1 0.0 434 169 444 199 2 3 5 -1 -1 -1 -1 0.5
201 0 Car -1 -1 0.0 594 172 664 240 2 3 5 -1 -1 -1 -1 0.5
201 11 Pedestrian -1 -1 0.0 431 169 447 199 2 3 5 -1 -1 -1 -1 0.5
201 12 Pedestrian -1 -1 0.0 426 173 438 201 2 3 5 -1 -1 -1 -1 0.5
202 0 Car -1 -1 0.0 595 173 665 239 2 3 5 -1 -1 -1 -1 0.5
202 12 Pedestrian -1 -1 0.0 426 173 438 201 2 3 5 -1 -1 -1 -1 0.5
202 13 Pedestrian -1 -1 0.0 418 172 430 204 2 3 5 -1 -1 -1 -1 0.5
203 0 Car -1 -1 0.0 595 173 665 239 2 3 5 -1 -1 -1 -1 0.5
203 13 Pedestrian -1 -1 0.0 418 172 430 204 2 3 5 -1 -1 -1 -1 0.5
203 14 Pedestrian -1 -1 0.0 407 172 421 208 2 3 5 -1 -1 -1 -1 0.5
204 0 Car -1 -1 0.0 594 174 664 238 2 3 5 -1 -1 -1 -1 0.5
204 14 Pedestrian -1 -1 0.0 407 172 421 208 2 3 5 -1 -1 -1 -1 0.5
204 15 Pedestrian -1 -1 0.0 398 175 412 211 2 3 5 -1 -1 -1 -1 0.5
205 0 Car -1 -1 0.0 595 175 663 239 2 3 5 -1 -1 -1 -1 0.5
205 15 Pedestrian -1 -1 0.0 398 175 412 211 2 3 5 -1 -1 -1 -1 0.5
205 16 Pedestrian -1 -1 0.0 389 178 401 212 2 3 5 -1 -1 -1 -1 0.5
206 0 Car -1 -1 0.0 594 175 664 239 2 3 5 -1 -1 -1 -1 0.5
206 16 Pedestrian -1 -1 0.0 381 177 393 213 2 3 5 -1 -1 -1 -1 0.5
207 0 Car -1 -1 0.0 594 176 664 238 2 3 5 -1 -1 -1 -1 0.5
207 17 Pedestrian -1 -1 0.0 365 179 379 215 2 3 5 -1 -1 -1 -1 0.5
208 0 Car -1 -1 0.0 594 174 662 238 2 3 5 -1 -1 -1 -1 0.5
208 18 Car -1 -1 0.0 141 198 217 232 2 3 5 -1 -1 -1 -1 0.5
208 19 Pedestrian -1 -1 0.0 351 179 367 219 2 3 5 -1 -1 -1 -1 0.5
209 0 Car -1 -1 0.0 595 173 661 237 2 3 5 -1 -1 -1 -1 0.5
209 19 Pedestrian -1 -1 0.0 351 179 367 219 2 3 5 -1 -1 -1 -1 0.5
209 20 Pedestrian -1 -1 0.0 334 178 352 220 2 3 5 -1 -1 -1 -1 0.5
210 0 Car -1 -1 0.0 594 174 660 238 2 3 5 -1 -1 -1 -1 0.5
210 20 Pedestrian -1 -1 0.0 334 178 352 220 2 3 5 -1 -1 -1 -1 0.5
210 21 Pedestrian -1 -1 0.0 317 180 333 222 2 3 5 -1 -1 -1 -1 0.5
211 0 Car -1 -1 0.0 594 174 658 238 2 3 5 -1 -1 -1 -1 0.5
211 21 Pedestrian -1 -1 0.0 317 180 333 222 2 3 5 -1 -1 -1 -1 0.5
211 22 Pedestrian -1 -1 0.0 295 178 313 226 2 3 5 -1 -1 -1 -1 0.5
212 0 Car -1 -1 0.0 592 174 656 238 2 3 5 -1 -1 -1 -1 0.5
212 22 Pedestrian -1 -1 0.0 295 178 313 226 2 3 5 -1 -1 -1 -1 0.5
212 23 Pedestrian -1 -1 0.0 269 181 289 233 2 3 5 -1 -1 -1 -1 0.5
213 0 Car -1 -1 0.0 591 173 655 237 2 3 5 -1 -1 -1 -1 0.5
213 23 Pedestrian -1 -1 0.0 269 181 289 233 2 3 5 -1 -1 -1 -1 0.5
213 24 Pedestrian -1 -1 0.0 246 181 266 233 2 3 5 -1 -1 -1 -1 0.5
214 0 Car -1 -1 0.0 589 173 653 237 2 3 5 -1 -1 -1 -1 0.5
214 24 Pedestrian -1 -1 0.0 246 181 266 233 2 3 5 -1 -1 -1 -1 0.5
214 25 Pedestrian -1 -1 0.0 215 184 235 236 2 3 5 -1 -1 -1 -1 0.5
214 26 Cyclist -1 -1 0.0 197 179 243 247 2 3 5 -1 -1 -1 -1 0.5
214 27 Cyclist -1 -1 0.0 956 177 978 217 2 3 5 -1 -1 -1 -1 0.5
215 0 Car -1 -1 0.0 588 173 650 237 2 3 5 -1 -1 -1 -1 0.5
215 25 Pedestrian -1 -1 0.0 215 184 235 236 2 3 5 -1 -1 -1 -1 0.5
215 27 Cyclist -1 -1 0.0 956 177 978 217 2 3 5 -1 -1 -1 -1 0.5
215 28 Pedestrian -1 -1 0.0 176 182 204 244 2 3 5 -1 -1 -1 -1 0.5
216 0 Car -1 -1 0.0 588 173 650 237 2 3 5 -1 -1 -1 -1 0.5
216 27 Cyclist -1 -1 0.0 956 177 978 217 2 3 5 -1 -1 -1 -1 0.5
216 29 Pedestrian -1 -1 0.0 132 185 164 247 2 3 5 -1 -1 -1 -1 0.5
217 0 Car -1 -1 0.0 586 172 650 236 2 3 5 -1 -1 -1 -1 0.5
217 29 Pedestrian -1 -1 0.0 132 185 164 247 2 3 5 -1 -1 -1 -1 0.5
217 30 Pedestrian -1 -1 0.0 86 179 118 253 2 3 5 -1 -1 -1 -1 0.5
217 31 Cyclist -1 -1 0.0 911 166 923 192 2 3 5 -1 -1 -1 -1 0.5
218 0 Car -1 -1 0.0 585 171 647 235 2 3 5 -1 -1 -1 -1 0.5
218 30 Pedestrian -1 -1 0.0 86 179 118 253 2 3 5 -1 -1 -1 -1 0.5
218 32 Pedestrian -1 -1 0.0 25 184 57 268 2 3 5 -1 -1 -1 -1 0.5
218 33 Cyclist -1 -1 0.0 1 196 79 264 2 3 5 -1 -1 -1 -1 0.5
219 0 Car -1 -1 0.0 584 172 646 236 2 3 5 -1 -1 -1 -1 0.5
219 32 Pedestrian -1 -1 0.0 25 184 57 268 2 3 5 -1 -1 -1 -1 0.5
219 34 Cyclist -1 -1 0.0 300 205 312 225 2 3 5 -1 -1 -1 -1 0.5
220 0 Car -1 -1 0.0 581 173 645 237 2 3 5 -1 -1 -1 -1 0.5
220 34 Cyclist -1 -1 0.0 300 205 312 225 2 3 5 -1 -1 -1 -1 0.5
220 35 Pedestrian -1 -1 0.0 1184 62 1210 146 2 3 5 -1 -1 -1 -1 0.5
221 0 Car -1 -1 0.0 581 174 643 238 2 3 5 -1 -1 -1 -1 0.5
221 35 Pedestrian -1 -1 0.0 1184 62 1210 146 2 3 5 -1 -1 -1 -1 0.5
222 0 Car -1 -1 0.0 579 173 643 237 2 3 5 -1 -1 -1 -1 0.5
223 0 Car -1 -1 0.0 580 173 642 237 2 3 5 -1 -1 -1 -1 0.5
224 0 Car -1 -1 0.0 580 176 642 238 2 3 5 -1 -1 -1 -1 0.5
225 0 Car -1 -1 0.0 578 174 642 238 2 3 5 -1 -1 -1 -1 0.5
226 0 Car -1 -1 0.0 579 174 641 236 2 3 5 -1 -1 -1 -1 0.5
227 0 Car -1 -1 0.0 577 175 639 235 2 3 5 -1 -1 -1 -1 0.5
228 0 Car -1 -1 0.0 577 175 639 235 2 3 5 -1 -1 -1 -1 0.5
229 0 Car -1 -1 0.0 577 175 637 235 2 3 5 -1 -1 -1 -1 0.5
229 1 Car -1 -1 0.0 1002 191 1232 373 2 3 5 -1 -1 -1 -1 0.5
230 0 Car -1 -1 0.0 577 176 637 236 2 3 5 -1 -1 -1 -1 0.5
231 0 Car -1 -1 0.0 577 176 635 236 2 3 5 -1 -1 -1 -1 0.5
232 0 Car -1 -1 0.0 576 177 634 237 2 3 5 -1 -1 -1 -1 0.5
232 1 Car -1 -1 0.0 12 229 66 259 2 3 5 -1 -1 -1 -1 0.5
233 0 Car -1 -1 0.0 576 177 634 235 2 3 5 -1 -1 -1 -1 0.5
234 0 Car -1 -1 0.0 576 176 634 234 2 3 5 -1 -1 -1 -1 0.5
235 0 Car -1 -1 0.0 577 176 633 234 2 3 5 -1 -1 -1 -1 0.5
235 1 Car -1 -1 0.0 1048 162 1238 358 2 3 5 -1 -1 -1 -1 0.5
236 0 Car -1 -1 0.0 575 176 633 234 2 3 5 -1 -1 -1 -1 0.5
237 0 Car -1 -1 0.0 575 176 633 234 2 3 5 -1 -1 -1 -1 0.5
238 0 Car -1 -1 0.0 574 176 632 232 2 3 5 -1 -1 -1 -1 0.5
239 0 Car -1 -1 0.0 575 176 633 232 2 3 5 -1 -1 -1 -1 0.5
240 0 Car -1 -1 0.0 575 176 633 232 2 3 5 -1 -1 -1 -1 0.5
241 0 Car -1 -1 0.0 577 176 633 232 2 3 5 -1 -1 -1 -1 0.5
242 0 Car -1 -1 0.0 577 176 633 230 2 3 5 -1 -1 -1 -1 0.5
242 1 Pedestrian -1 -1 0.0 584 146 600 182 2 3 5 -1 -1 -1 -1 0.5
243 0 Car -1 -1 0.0 579 176 635 230 2 3 5 -1 -1 -1 -1 0.5
244 0 Car -1 -1 0.0 579 176 635 230 2 3 5 -1 -1 -1 -1 0.5
245 0 Car -1 -1 0.0 578 175 636 229 2 3 5 -1 -1 -1 -1 0.5
245 1 Car -1 -1 0.0 650 162 670 178 2 3 5 -1 -1 -1 -1 0.5
246 0 Car -1 -1 0.0 579 174 637 228 2 3 5 -1 -1 -1 -1 0.5
247 0 Car -1 -1 0.0 581 174 637 228 2 3 5 -1 -1 -1 -1 0.5
248 0 Car -1 -1 0.0 581 174 637 228 2 3 5 -1 -1 -1 -1 0.5
249 0 Car -1 -1 0.0 582 173 638 227 2 3 5 -1 -1 -1 -1 0.5
250 0 Car -1 -1 0.0 583 173 639 227 2 3 5 -1 -1 -1 -1 0.5
251 0 Car -1 -1 0.0 584 172 638 226 2 3 5 -1 -1 -1 -1 0.5
252 0 Car -1 -1 0.0 584 172 638 226 2 3 5 -1 -1 -1 -1 0.5
252 1 Pedestrian -1 -1 0.0 555 146 569 186 2 3 5 -1 -1 -1 -1 0.5
253 0 Car -1 -1 0.0 585 172 639 226 2 3 5 -1 -1 -1 -1 0.5
253 1 Pedestrian -1 -1 0.0 555 144 569 186 2 3 5 -1 -1 -1 -1 0.5
254 0 Car -1 -1 0.0 586 173 640 227 2 3 5 -1 -1 -1 -1 0.5
254 1 Pedestrian -1 -1 0.0 552 142 566 186 2 3 5 -1 -1 -1 -1 0.5
255 0 Car -1 -1 0.0 587 174 641 228 2 3 5 -1 -1 -1 -1 0.5
256 0 Car -1 -1 0.0 588 175 642 229 2 3 5 -1 -1 -1 -1 0.5
257 0 Car -1 -1 0.0 589 175 643 229 2 3 5 -1 -1 -1 -1 0.5
257 1 Pedestrian -1 -1 0.0 540 142 558 186 2 3 5 -1 -1 -1 -1 0.5
258 0 Car -1 -1 0.0 590 175 644 229 2 3 5 -1 -1 -1 -1 0.5
258 1 Pedestrian -1 -1 0.0 541 141 555 187 2 3 5 -1 -1 -1 -1 0.5
258 2 Cyclist -1 -1 0.0 480 168 490 192 2 3 5 -1 -1 -1 -1 0.5
259 0 Car -1 -1 0.0 593 174 647 228 2 3 5 -1 -1 -1 -1 0.5
259 1 Pedestrian -1 -1 0.0 542 140 558 188 2 3 5 -1 -1 -1 -1 0.5
259 3 Pedestrian -1 -1 0.0 211 117 259 239 2 3 5 -1 -1 -1 -1 0.5
260 0 Car -1 -1 0.0 596 175 648 229 2 3 5 -1 -1 -1 -1 0.5
260 3 Pedestrian -1 -1 0.0 188 104 236 236 2 3 5 -1 -1 -1 -1 0.5
261 0 Car -1 -1 0.0 598 174 650 228 2 3 5 -1 -1 -1 -1 0.5
261 4 Pedestrian -1 -1 0.0 532 140 546 184 2 3 5 -1 -1 -1 -1 0.5
262 0 Car -1 -1 0.0 599 174 651 228 2 3 5 -1 -1 -1 -1 0.5
262 5 Cyclist -1 -1 0.0 709 155 725 177 2 3 5 -1 -1 -1 -1 0.5
263 0 Car -1 -1 0.0 600 174 652 228 2 3 5 -1 -1 -1 -1 0.5
263 6 Cyclist -1 -1 0.0 243 166 289 222 2 3 5 -1 -1 -1 -1 0.5
263 7 Pedestrian -1 -1 0.0 522 137 538 191 2 3 5 -1 -1 -1 -1 0.5
264 0 Car -1 -1 0.0 602 174 654 228 2 3 5 -1 -1 -1 -1 0.5
264 7 Pedestrian -1 -1 0.0 522 140 536 188 2 3 5 -1 -1 -1 -1 0.5
264 8 Pedestrian -1 -1 0.0 731 153 749 177 2 3 5 -1 -1 -1 -1 0.5
264 9 Pedestrian -1 -1 0.0 529 139 555 189 2 3 5 -1 -1 -1 -1 0.5
265 0 Car -1 -1 0.0 603 174 655 228 2 3 5 -1 -1 -1 -1 0.5
265 8 Pedestrian -1 -1 0.0 731 153 749 177 2 3 5 -1 -1 -1 -1 0.5
265 10 Car -1 -1 0.0 1160 125 1240 221 2 3 5 -1 -1 -1 -1 0.5
265 11 Cyclist -1 -1 0.0 88 148 332 206 2 3 5 -1 -1 -1 -1 0.5
266 0 Car -1 -1 0.0 605 174 657 228 2 3 5 -1 -1 -1 -1 0.5
266 10 Car -1 -1 0.0 1186 117 1242 213 2 3 5 -1 -1 -1 -1 0.5
266 12 Car -1 -1 0.0 597 174 647 196 2 3 5 -1 -1 -1 -1 0.5
266 13 Pedestrian -1 -1 0.0 532 144 548 188 2 3 5 -1 -1 -1 -1 0.5
266 14 Car -1 -1 0.0 581 176 603 194 2 3 5 -1 -1 -1 -1 0.5
267 0 Car -1 -1 0.0 605 174 659 228 2 3 5 -1 -1 -1 -1 0.5
267 12 Car -1 -1 0.0 597 174 647 196 2 3 5 -1 -1 -1 -1 0.5
267 14 Car -1 -1 0.0 571 177 595 193 2 3 5 -1 -1 -1 -1 0.5
268 0 Car -1 -1 0.0 606 175 660 227 2 3 5 -1 -1 -1 -1 0.5
268 12 Car -1 -1 0.0 591 175 623 195 2 3 5 -1 -1 -1 -1 0.5
269 0 Car -1 -1 0.0 607 174 661 228 2 3 5 -1 -1 -1 -1 0.5
269 12 Car -1 -1 0.0 591 176 619 194 2 3 5 -1 -1 -1 -1 0.5
269 13 Car -1 -1 0.0 559 176 589 196 2 3 5 -1 -1 -1 -1 0.5
270 0 Car -1 -1 0.0 608 175 662 229 2 3 5 -1 -1 -1 -1 0.5
270 12 Car -1 -1 0.0 586 176 614 196 2 3 5 -1 -1 -1 -1 0.5
270 13 Car -1 -1 0.0 553 176 583 194 2 3 5 -1 -1 -1 -1 0.5
270 14 Cyclist -1 -1 0.0 62 131 136 221 2 3 5 -1 -1 -1 -1 0.5
270 15 Cyclist -1 -1 0.0 629 158 637 178 2 3 5 -1 -1 -1 -1 0.5
270 16 Pedestrian -1 -1 0.0 492 130 514 190 2 3 5 -1 -1 -1 -1 0.5
271 0 Car -1 -1 0.0 608 175 662 229 2 3 5 -1 -1 -1 -1 0.5
271 12 Car -1 -1 0.0 582 177 610 197 2 3 5 -1 -1 -1 -1 0.5
271 13 Car -1 -1 0.0 548 176 580 196 2 3 5 -1 -1 -1 -1 0.5
271 15 Cyclist -1 -1 0.0 629 158 637 178 2 3 5 -1 -1 -1 -1 0.5
272 0 Car -1 -1 0.0 607 175 661 229 2 3 5 -1 -1 -1 -1 0.5
272 12 Car -1 -1 0.0 576 177 604 197 2 3 5 -1 -1 -1 -1 0.5
272 13 Car -1 -1 0.0 545 177 577 197 2 3 5 -1 -1 -1 -1 0.5
272 16 Pedestrian -1 -1 0.0 482 131 498 195 2 3 5 -1 -1 -1 -1 0.5
272 17 Cyclist -1 -1 0.0 1190 255 1200 277 2 3 5 -1 -1 -1 -1 0.5
273 0 Car -1 -1 0.0 608 176 662 228 2 3 5 -1 -1 -1 -1 0.5
273 12 Car -1 -1 0.0 569 177 597 199 2 3 5 -1 -1 -1 -1 0.5
273 13 Car -1 -1 0.0 536 178 570 198 2 3 5 -1 -1 -1 -1 0.5
273 16 Pedestrian -1 -1 0.0 482 126 498 196 2 3 5 -1 -1 -1 -1 0.5
274 0 Car -1 -1 0.0 608 176 662 228 2 3 5 -1 -1 -1 -1 0.5
274 12 Car -1 -1 0.0 561 177 591 199 2 3 5 -1 -1 -1 -1 0.5
274 13 Car -1 -1 0.0 527 179 561 199 2 3 5 -1 -1 -1 -1 0.5
274 17 Pedestrian -1 -1 0.0 491 128 517 196 2 3 5 -1 -1 -1 -1 0.5
275 0 Car -1 -1 0.0 609 175 663 227 2 3 5 -1 -1 -1 -1 0.5
275 12 Car -1 -1 0.0 552 178 586 200 2 3 5 -1 -1 -1 -1 0.5
275 13 Car -1 -1 0.0 517 179 555 201 2 3 5 -1 -1 -1 -1 0.5
276 0 Car -1 -1 0.0 610 173 664 225 2 3 5 -1 -1 -1 -1 0.5
276 12 Car -1 -1 0.0 544 179 578 203 2 3 5 -1 -1 -1 -1 0.5
276 13 Car -1 -1 0.0 504 179 544 201 2 3 5 -1 -1 -1 -1 0.5
276 14 Pedestrian -1 -1 0.0 472 123 494 191 2 3 5 -1 -1 -1 -1 0.5
277 0 Car -1 -1 0.0 610 173 664 225 2 3 5 -1 -1 -1 -1 0.5
277 12 Car -1 -1 0.0 533 178 571 206 2 3 5 -1 -1 -1 -1 0.5
277 13 Car -1 -1 0.0 490 180 534 204 2 3 5 -1 -1 -1 -1 0.5
278 0 Car -1 -1 0.0 611 173 665 225 2 3 5 -1 -1 -1 -1 0.5
278 12 Car -1 -1 0.0 521 179 563 209 2 3 5 -1 -1 -1 -1 0.5
278 13 Car -1 -1 0.0 475 180 523 206 2 3 5 -1 -1 -1 -1 0.5
278 14 Pedestrian -1 -1 0.0 444 121 466 191 2 3 5 -1 -1 -1 -1 0.5
278 15 Cyclist -1 -1 0.0 685 145 709 173 2 3 5 -1 -1 -1 -1 0.5
279 0 Car -1 -1 0.0 612 172 664 224 2 3 5 -1 -1 -1 -1 0.5
279 12 Car -1 -1 0.0 505 179 555 213 2 3 5 -1 -1 -1 -1 0.5
279 13 Car -1 -1 0.0 457 179 513 209 2 3 5 -1 -1 -1 -1 0.5
279 15 Cyclist -1 -1 0.0 685 145 709 173 2 3 5 -1 -1 -1 -1 0.5
280 0 Car -1 -1 0.0 611 173 663 223 2 3 5 -1 -1 -1 -1 0.5
280 12 Car -1 -1 0.0 490 181 546 217 2 3 5 -1 -1 -1 -1 0.5
280 13 Car -1 -1 0.0 439 180 499 214 2 3 5 -1 -1 -1 -1 0.5
281 0 Car -1 -1 0.0 612 173 664 223 2 3 5 -1 -1 -1 -1 0.5
281 12 Car -1 -1 0.0 467 182 535 224 2 3 5 -1 -1 -1 -1 0.5
281 13 Car -1 -1 0.0 417 182 483 220 2 3 5 -1 -1 -1 -1 0.5
282 0 Car -1 -1 0.0 613 174 665 224 2 3 5 -1 -1 -1 -1 0.5
282 12 Car -1 -1 0.0 440 185 520 233 2 3 5 -1 -1 -1 -1 0.5
282 13 Car -1 -1 0.0 391 184 463 228 2 3 5 -1 -1 -1 -1 0.5
283 0 Car -1 -1 0.0 615 174 665 224 2 3 5 -1 -1 -1 -1 0.5
283 12 Car -1 -1 0.0 405 187 501 245 2 3 5 -1 -1 -1 -1 0.5
283 13 Car -1 -1 0.0 354 185 436 235 2 3 5 -1 -1 -1 -1 0.5
284 0 Car -1 -1 0.0 615 174 667 224 2 3 5 -1 -1 -1 -1 0.5
284 12 Car -1 -1 0.0 391 187 493 249 2 3 5 -1 -1 -1 -1 0.5
284 13 Car -1 -1 0.0 316 188 430 254 2 3 5 -1 -1 -1 -1 0.5
284 14 Car -1 -1 0.0 756 156 778 178 2 3 5 -1 -1 -1 -1 0.5
285 0 Car -1 -1 0.0 616 174 668 224 2 3 5 -1 -1 -1 -1 0.5
285 12 Car -1 -1 0.0 377 189 483 253 2 3 5 -1 -1 -1 -1 0.5
285 13 Car -1 -1 0.0 298 189 418 259 2 3 5 -1 -1 -1 -1 0.5
285 15 Car -1 -1 0.0 147 191 411 337 2 3 5 -1 -1 -1 -1 0.5
286 0 Car -1 -1 0.0 616 174 670 224 2 3 5 -1 -1 -1 -1 0.5
286 12 Car -1 -1 0.0 363 189 475 257 2 3 5 -1 -1 -1 -1 0.5
286 13 Car -1 -1 0.0 281 190 407 264 2 3 5 -1 -1 -1 -1 0.5
286 15 Car -1 -1 0.0 14 198 342 368 2 3 5 -1 -1 -1 -1 0.5
287 0 Car -1 -1 0.0 618 173 670 223 2 3 5 -1 -1 -1 -1 0.5
287 12 Car -1 -1 0.0 349 191 467 261 2 3 5 -1 -1 -1 -1 0.5
287 13 Car -1 -1 0.0 262 191 396 269 2 3 5 -1 -1 -1 -1 0.5
287 15 Car -1 -1 0.0 0 185 245 369 2 3 5 -1 -1 -1 -1 0.5
287 16 Pedestrian -1 -1 0.0 425 109 455 193 2 3 5 -1 -1 -1 -1 0.5
287 17 Cyclist -1 -1 0.0 655 153 675 181 2 3 5 -1 -1 -1 -1 0.5
288 0 Car -1 -1 0.0 620 173 672 221 2 3 5 -1 -1 -1 -1 0.5
288 13 Car -1 -1 0.0 244 191 384 273 2 3 5 -1 -1 -1 -1 0.5
288 16 Pedestrian -1 -1 0.0 425 109 455 193 2 3 5 -1 -1 -1 -1 0.5
289 0 Car -1 -1 0.0 620 174 672 222 2 3 5 -1 -1 -1 -1 0.5
289 16 Pedestrian -1 -1 0.0 408 113 438 197 2 3 5 -1 -1 -1 -1 0.5
290 0 Car -1 -1 0.0 622 174 672 222 2 3 5 -1 -1 -1 -1 0.5
291 0 Car -1 -1 0.0 622 173 672 221 2 3 5 -1 -1 -1 -1 0.5
291 1 Cyclist -1 -1 0.0 766 124 806 186 2 3 5 -1 -1 -1 -1 0.5
291 2 Pedestrian -1 -1 0.0 388 104 440 202 2 3 5 -1 -1 -1 -1 0.5
291 3 Car -1 -1 0.0 748 156 778 178 2 3 5 -1 -1 -1 -1 0.5
292 0 Car -1 -1 0.0 621 173 671 221 2 3 5 -1 -1 -1 -1 0.5
292 2 Pedestrian -1 -1 0.0 381 100 417 200 2 3 5 -1 -1 -1 -1 0.5
293 0 Car -1 -1 0.0 621 172 671 220 2 3 5 -1 -1 -1 -1 0.5
293 2 Pedestrian -1 -1 0.0 369 99 403 201 2 3 5 -1 -1 -1 -1 0.5
293 3 Cyclist -1 -1 0.0 766 112 798 182 2 3 5 -1 -1 -1 -1 0.5
