0 0 Pedestrian -1 -1 0.0 597 179 639 265 2 3 5 -1 -1 -1 -1 0.5
0 1 Cyclist -1 -1 0.0 546 165 666 263 2 3 5 -1 -1 -1 -1 0.5
0 2 Car -1 -1 0.0 653 178 693 206 2 3 5 -1 -1 -1 -1 0.5
0 3 Car -1 -1 0.0 459 181 567 215 2 3 5 -1 -1 -1 -1 0.5
0 4 Pedestrian -1 -1 0.0 572 195 588 249 2 3 5 -1 -1 -1 -1 0.5
0 5 Pedestrian -1 -1 0.0 703 142 717 190 2 3 5 -1 -1 -1 -1 0.5
0 6 Pedestrian -1 -1 0.0 580 171 614 259 2 3 5 -1 -1 -1 -1 0.5
1 1 Cyclist -1 -1 0.0 561 165 683 265 2 3 5 -1 -1 -1 -1 0.5
1 2 Car -1 -1 0.0 654 178 688 206 2 3 5 -1 -1 -1 -1 0.5
1 3 Car -1 -1 0.0 460 180 572 214 2 3 5 -1 -1 -1 -1 0.5
1 5 Pedestrian -1 -1 0.0 703 142 717 190 2 3 5 -1 -1 -1 -1 0.5
1 6 Pedestrian -1 -1 0.0 597 167 643 261 2 3 5 -1 -1 -1 -1 0.5
1 7 Pedestrian -1 -1 0.0 631 187 659 257 2 3 5 -1 -1 -1 -1 0.5
2 1 Cyclist -1 -1 0.0 572 166 696 262 2 3 5 -1 -1 -1 -1 0.5
2 2 Car -1 -1 0.0 654 179 690 207 2 3 5 -1 -1 -1 -1 0.5
2 3 Car -1 -1 0.0 473 179 583 213 2 3 5 -1 -1 -1 -1 0.5
2 6 Pedestrian -1 -1 0.0 601 171 645 261 2 3 5 -1 -1 -1 -1 0.5
2 7 Pedestrian -1 -1 0.0 641 185 677 261 2 3 5 -1 -1 -1 -1 0.5
2 8 Pedestrian -1 -1 0.0 324 135 378 247 2 3 5 -1 -1 -1 -1 0.5
2 9 Car -1 -1 0.0 677 185 697 205 2 3 5 -1 -1 -1 -1 0.5
2 10 Pedestrian -1 -1 0.0 588 168 618 260 2 3 5 -1 -1 -1 -1 0.5
3 1 Cyclist -1 -1 0.0 587 168 709 260 2 3 5 -1 -1 -1 -1 0.5
3 2 Car -1 -1 0.0 649 180 695 206 2 3 5 -1 -1 -1 -1 0.5
3 3 Car -1 -1 0.0 480 179 594 213 2 3 5 -1 -1 -1 -1 0.5
3 6 Pedestrian -1 -1 0.0 603 174 641 258 2 3 5 -1 -1 -1 -1 0.5
3 7 Pedestrian -1 -1 0.0 637 181 673 257 2 3 5 -1 -1 -1 -1 0.5
3 8 Pedestrian -1 -1 0.0 324 132 376 248 2 3 5 -1 -1 -1 -1 0.5
3 10 Pedestrian -1 -1 0.0 588 168 618 260 2 3 5 -1 -1 -1 -1 0.5
4 1 Cyclist -1 -1 0.0 605 168 725 262 2 3 5 -1 -1 -1 -1 0.5
4 3 Car -1 -1 0.0 496 178 606 214 2 3 5 -1 -1 -1 -1 0.5
4 7 Pedestrian -1 -1 0.0 644 175 682 259 2 3 5 -1 -1 -1 -1 0.5
4 10 Pedestrian -1 -1 0.0 588 168 618 260 2 3 5 -1 -1 -1 -1 0.5
5 1 Cyclist -1 -1 0.0 623 166 743 262 2 3 5 -1 -1 -1 -1 0.5
5 3 Car -1 -1 0.0 512 178 622 212 2 3 5 -1 -1 -1 -1 0.5
5 10 Pedestrian -1 -1 0.0 588 168 618 260 2 3 5 -1 -1 -1 -1 0.5
5 11 Pedestrian -1 -1 0.0 687 142 733 260 2 3 5 -1 -1 -1 -1 0.5
5 12 Pedestrian -1 -1 0.0 671 166 705 252 2 3 5 -1 -1 -1 -1 0.5
5 13 Car -1 -1 0.0 1207 184 1241 220 2 3 5 -1 -1 -1 -1 0.5
5 14 Pedestrian -1 -1 0.0 321 123 375 249 2 3 5 -1 -1 -1 -1 0.5
6 1 Cyclist -1 -1 0.0 643 164 761 262 2 3 5 -1 -1 -1 -1 0.5
6 3 Car -1 -1 0.0 527 178 633 214 2 3 5 -1 -1 -1 -1 0.5
6 11 Pedestrian -1 -1 0.0 706 152 752 260 2 3 5 -1 -1 -1 -1 0.5
6 12 Pedestrian -1 -1 0.0 681 159 723 261 2 3 5 -1 -1 -1 -1 0.5
6 14 Pedestrian -1 -1 0.0 342 165 380 251 2 3 5 -1 -1 -1 -1 0.5
6 15 Car -1 -1 0.0 652 178 688 206 2 3 5 -1 -1 -1 -1 0.5
7 1 Cyclist -1 -1 0.0 664 163 784 261 2 3 5 -1 -1 -1 -1 0.5
7 3 Car -1 -1 0.0 540 179 640 213 2 3 5 -1 -1 -1 -1 0.5
7 11 Pedestrian -1 -1 0.0 714 165 758 265 2 3 5 -1 -1 -1 -1 0.5
7 12 Pedestrian -1 -1 0.0 692 162 732 262 2 3 5 -1 -1 -1 -1 0.5
7 14 Pedestrian -1 -1 0.0 344 167 380 249 2 3 5 -1 -1 -1 -1 0.5
7 15 Car -1 -1 0.0 650 179 690 205 2 3 5 -1 -1 -1 -1 0.5
7 16 Car -1 -1 0.0 1223 192 1239 218 2 3 5 -1 -1 -1 -1 0.5
7 17 Pedestrian -1 -1 0.0 826 145 850 203 2 3 5 -1 -1 -1 -1 0.5
8 1 Cyclist -1 -1 0.0 681 161 801 261 2 3 5 -1 -1 -1 -1 0.5
8 3 Car -1 -1 0.0 557 178 655 212 2 3 5 -1 -1 -1 -1 0.5
8 11 Pedestrian -1 -1 0.0 726 167 772 275 2 3 5 -1 -1 -1 -1 0.5
8 12 Pedestrian -1 -1 0.0 704 157 744 259 2 3 5 -1 -1 -1 -1 0.5
8 14 Pedestrian -1 -1 0.0 333 152 377 246 2 3 5 -1 -1 -1 -1 0.5
8 15 Car -1 -1 0.0 653 179 689 205 2 3 5 -1 -1 -1 -1 0.5
8 17 Pedestrian -1 -1 0.0 826 145 850 203 2 3 5 -1 -1 -1 -1 0.5
8 18 Car -1 -1 0.0 700 183 774 217 2 3 5 -1 -1 -1 -1 0.5
9 1 Cyclist -1 -1 0.0 701 162 821 262 2 3 5 -1 -1 -1 -1 0.5
9 3 Car -1 -1 0.0 570 178 666 210 2 3 5 -1 -1 -1 -1 0.5
9 11 Pedestrian -1 -1 0.0 733 166 777 270 2 3 5 -1 -1 -1 -1 0.5
9 14 Pedestrian -1 -1 0.0 334 155 374 247 2 3 5 -1 -1 -1 -1 0.5
9 15 Car -1 -1 0.0 652 180 692 206 2 3 5 -1 -1 -1 -1 0.5
9 18 Car -1 -1 0.0 710 180 782 216 2 3 5 -1 -1 -1 -1 0.5
10 1 Cyclist -1 -1 0.0 719 161 835 261 2 3 5 -1 -1 -1 -1 0.5
10 3 Car -1 -1 0.0 586 178 676 210 2 3 5 -1 -1 -1 -1 0.5
10 11 Pedestrian -1 -1 0.0 745 164 787 262 2 3 5 -1 -1 -1 -1 0.5
10 14 Pedestrian -1 -1 0.0 338 161 376 247 2 3 5 -1 -1 -1 -1 0.5
10 15 Car -1 -1 0.0 649 178 691 206 2 3 5 -1 -1 -1 -1 0.5
10 19 Pedestrian -1 -1 0.0 923 115 949 193 2 3 5 -1 -1 -1 -1 0.5
11 1 Cyclist -1 -1 0.0 743 162 855 262 2 3 5 -1 -1 -1 -1 0.5
11 3 Car -1 -1 0.0 599 178 689 210 2 3 5 -1 -1 -1 -1 0.5
11 11 Pedestrian -1 -1 0.0 761 163 799 255 2 3 5 -1 -1 -1 -1 0.5
11 14 Pedestrian -1 -1 0.0 338 160 376 246 2 3 5 -1 -1 -1 -1 0.5
11 15 Car -1 -1 0.0 651 179 689 205 2 3 5 -1 -1 -1 -1 0.5
11 20 Pedestrian -1 -1 0.0 666 157 684 195 2 3 5 -1 -1 -1 -1 0.5
12 1 Cyclist -1 -1 0.0 760 162 876 262 2 3 5 -1 -1 -1 -1 0.5
12 3 Car -1 -1 0.0 607 180 679 210 2 3 5 -1 -1 -1 -1 0.5
12 11 Pedestrian -1 -1 0.0 768 163 806 253 2 3 5 -1 -1 -1 -1 0.5
12 14 Pedestrian -1 -1 0.0 337 160 375 246 2 3 5 -1 -1 -1 -1 0.5
12 15 Car -1 -1 0.0 636 179 690 207 2 3 5 -1 -1 -1 -1 0.5
12 21 Cyclist -1 -1 0.0 772 217 874 253 2 3 5 -1 -1 -1 -1 0.5
12 22 Car -1 -1 0.0 559 181 633 213 2 3 5 -1 -1 -1 -1 0.5
12 23 Car -1 -1 0.0 3 219 85 283 2 3 5 -1 -1 -1 -1 0.5
13 1 Cyclist -1 -1 0.0 779 161 895 261 2 3 5 -1 -1 -1 -1 0.5
13 3 Car -1 -1 0.0 623 180 695 210 2 3 5 -1 -1 -1 -1 0.5
13 11 Pedestrian -1 -1 0.0 777 162 813 252 2 3 5 -1 -1 -1 -1 0.5
13 14 Pedestrian -1 -1 0.0 337 160 375 246 2 3 5 -1 -1 -1 -1 0.5
13 15 Car -1 -1 0.0 634 180 690 208 2 3 5 -1 -1 -1 -1 0.5
13 22 Car -1 -1 0.0 559 181 633 213 2 3 5 -1 -1 -1 -1 0.5
13 24 Pedestrian -1 -1 0.0 661 156 681 190 2 3 5 -1 -1 -1 -1 0.5
14 1 Cyclist -1 -1 0.0 799 161 913 261 2 3 5 -1 -1 -1 -1 0.5
14 3 Car -1 -1 0.0 636 180 706 210 2 3 5 -1 -1 -1 -1 0.5
14 11 Pedestrian -1 -1 0.0 784 162 820 250 2 3 5 -1 -1 -1 -1 0.5
14 14 Pedestrian -1 -1 0.0 337 160 375 246 2 3 5 -1 -1 -1 -1 0.5
14 15 Car -1 -1 0.0 631 180 691 208 2 3 5 -1 -1 -1 -1 0.5
14 24 Pedestrian -1 -1 0.0 661 156 681 190 2 3 5 -1 -1 -1 -1 0.5
14 25 Car -1 -1 0.0 680 187 708 211 2 3 5 -1 -1 -1 -1 0.5
14 26 Pedestrian -1 -1 0.0 596 179 608 211 2 3 5 -1 -1 -1 -1 0.5
15 1 Cyclist -1 -1 0.0 812 160 926 260 2 3 5 -1 -1 -1 -1 0.5
15 3 Car -1 -1 0.0 650 180 714 208 2 3 5 -1 -1 -1 -1 0.5
15 11 Pedestrian -1 -1 0.0 791 162 827 248 2 3 5 -1 -1 -1 -1 0.5
15 15 Car -1 -1 0.0 635 181 683 209 2 3 5 -1 -1 -1 -1 0.5
15 25 Car -1 -1 0.0 680 187 708 211 2 3 5 -1 -1 -1 -1 0.5
15 27 Pedestrian -1 -1 0.0 843 158 877 244 2 3 5 -1 -1 -1 -1 0.5
15 28 Pedestrian -1 -1 0.0 881 192 901 236 2 3 5 -1 -1 -1 -1 0.5
16 1 Cyclist -1 -1 0.0 829 162 945 258 2 3 5 -1 -1 -1 -1 0.5
16 3 Car -1 -1 0.0 660 179 726 207 2 3 5 -1 -1 -1 -1 0.5
16 15 Car -1 -1 0.0 633 181 681 209 2 3 5 -1 -1 -1 -1 0.5
16 27 Pedestrian -1 -1 0.0 843 158 877 244 2 3 5 -1 -1 -1 -1 0.5
16 28 Pedestrian -1 -1 0.0 871 171 903 251 2 3 5 -1 -1 -1 -1 0.5
17 1 Cyclist -1 -1 0.0 845 162 963 258 2 3 5 -1 -1 -1 -1 0.5
17 3 Car -1 -1 0.0 668 179 734 209 2 3 5 -1 -1 -1 -1 0.5
17 15 Car -1 -1 0.0 632 181 680 211 2 3 5 -1 -1 -1 -1 0.5
17 28 Pedestrian -1 -1 0.0 876 167 908 249 2 3 5 -1 -1 -1 -1 0.5
17 29 Pedestrian -1 -1 0.0 897 179 931 255 2 3 5 -1 -1 -1 -1 0.5
18 1 Cyclist -1 -1 0.0 864 162 982 256 2 3 5 -1 -1 -1 -1 0.5
18 3 Car -1 -1 0.0 675 179 739 209 2 3 5 -1 -1 -1 -1 0.5
18 15 Car -1 -1 0.0 643 180 687 210 2 3 5 -1 -1 -1 -1 0.5
18 29 Pedestrian -1 -1 0.0 896 158 934 246 2 3 5 -1 -1 -1 -1 0.5
18 30 Car -1 -1 0.0 710 183 748 209 2 3 5 -1 -1 -1 -1 0.5
18 31 Pedestrian -1 -1 0.0 584 180 596 210 2 3 5 -1 -1 -1 -1 0.5
19 1 Cyclist -1 -1 0.0 878 164 998 256 2 3 5 -1 -1 -1 -1 0.5
19 3 Car -1 -1 0.0 685 179 747 209 2 3 5 -1 -1 -1 -1 0.5
19 15 Car -1 -1 0.0 646 179 690 209 2 3 5 -1 -1 -1 -1 0.5
19 30 Car -1 -1 0.0 710 183 748 209 2 3 5 -1 -1 -1 -1 0.5
19 32 Car -1 -1 0.0 909 177 977 213 2 3 5 -1 -1 -1 -1 0.5
19 33 Pedestrian -1 -1 0.0 326 134 372 246 2 3 5 -1 -1 -1 -1 0.5
20 1 Cyclist -1 -1 0.0 894 162 1014 252 2 3 5 -1 -1 -1 -1 0.5
20 3 Car -1 -1 0.0 695 179 753 209 2 3 5 -1 -1 -1 -1 0.5
20 15 Car -1 -1 0.0 649 179 689 207 2 3 5 -1 -1 -1 -1 0.5
20 32 Car -1 -1 0.0 909 177 977 213 2 3 5 -1 -1 -1 -1 0.5
20 34 Pedestrian -1 -1 0.0 949 171 985 251 2 3 5 -1 -1 -1 -1 0.5
20 35 Car -1 -1 0.0 685 176 715 204 2 3 5 -1 -1 -1 -1 0.5
21 1 Cyclist -1 -1 0.0 910 160 1030 252 2 3 5 -1 -1 -1 -1 0.5
21 3 Car -1 -1 0.0 714 179 768 207 2 3 5 -1 -1 -1 -1 0.5
21 15 Car -1 -1 0.0 652 179 688 207 2 3 5 -1 -1 -1 -1 0.5
21 34 Pedestrian -1 -1 0.0 949 171 985 251 2 3 5 -1 -1 -1 -1 0.5
21 35 Car -1 -1 0.0 697 179 743 207 2 3 5 -1 -1 -1 -1 0.5
21 36 Pedestrian -1 -1 0.0 324 137 376 253 2 3 5 -1 -1 -1 -1 0.5
21 37 Car -1 -1 0.0 971 170 1037 192 2 3 5 -1 -1 -1 -1 0.5
22 1 Cyclist -1 -1 0.0 930 160 1044 252 2 3 5 -1 -1 -1 -1 0.5
22 3 Car -1 -1 0.0 718 179 768 207 2 3 5 -1 -1 -1 -1 0.5
22 15 Car -1 -1 0.0 653 179 689 207 2 3 5 -1 -1 -1 -1 0.5
22 34 Pedestrian -1 -1 0.0 965 160 993 234 2 3 5 -1 -1 -1 -1 0.5
22 35 Car -1 -1 0.0 690 178 736 206 2 3 5 -1 -1 -1 -1 0.5
22 36 Pedestrian -1 -1 0.0 326 138 380 250 2 3 5 -1 -1 -1 -1 0.5
22 38 Pedestrian -1 -1 0.0 923 115 949 191 2 3 5 -1 -1 -1 -1 0.5
22 39 Car -1 -1 0.0 6 244 44 282 2 3 5 -1 -1 -1 -1 0.5
23 1 Cyclist -1 -1 0.0 946 162 1060 252 2 3 5 -1 -1 -1 -1 0.5
23 3 Car -1 -1 0.0 730 180 778 206 2 3 5 -1 -1 -1 -1 0.5
23 15 Car -1 -1 0.0 654 179 690 207 2 3 5 -1 -1 -1 -1 0.5
23 35 Car -1 -1 0.0 698 178 742 206 2 3 5 -1 -1 -1 -1 0.5
23 38 Pedestrian -1 -1 0.0 923 115 949 191 2 3 5 -1 -1 -1 -1 0.5
24 1 Cyclist -1 -1 0.0 963 162 1077 252 2 3 5 -1 -1 -1 -1 0.5
24 3 Car -1 -1 0.0 740 179 786 205 2 3 5 -1 -1 -1 -1 0.5
24 15 Car -1 -1 0.0 655 178 689 206 2 3 5 -1 -1 -1 -1 0.5
24 35 Car -1 -1 0.0 707 178 751 206 2 3 5 -1 -1 -1 -1 0.5
24 39 Pedestrian -1 -1 0.0 1001 166 1039 240 2 3 5 -1 -1 -1 -1 0.5
24 40 Cyclist -1 -1 0.0 1020 184 1056 240 2 3 5 -1 -1 -1 -1 0.5
25 1 Cyclist -1 -1 0.0 982 160 1094 250 2 3 5 -1 -1 -1 -1 0.5
25 3 Car -1 -1 0.0 746 181 784 205 2 3 5 -1 -1 -1 -1 0.5
25 15 Car -1 -1 0.0 655 178 689 206 2 3 5 -1 -1 -1 -1 0.5
25 35 Car -1 -1 0.0 714 180 756 206 2 3 5 -1 -1 -1 -1 0.5
25 39 Pedestrian -1 -1 0.0 1015 167 1049 243 2 3 5 -1 -1 -1 -1 0.5
26 1 Cyclist -1 -1 0.0 1001 160 1111 250 2 3 5 -1 -1 -1 -1 0.5
26 3 Car -1 -1 0.0 750 182 792 206 2 3 5 -1 -1 -1 -1 0.5
26 15 Car -1 -1 0.0 656 179 690 205 2 3 5 -1 -1 -1 -1 0.5
26 35 Car -1 -1 0.0 721 180 759 206 2 3 5 -1 -1 -1 -1 0.5
26 39 Pedestrian -1 -1 0.0 1022 162 1062 244 2 3 5 -1 -1 -1 -1 0.5
27 1 Cyclist -1 -1 0.0 1018 161 1128 249 2 3 5 -1 -1 -1 -1 0.5
27 3 Car -1 -1 0.0 760 182 800 206 2 3 5 -1 -1 -1 -1 0.5
27 15 Car -1 -1 0.0 656 179 690 205 2 3 5 -1 -1 -1 -1 0.5
27 35 Car -1 -1 0.0 725 179 765 205 2 3 5 -1 -1 -1 -1 0.5
27 39 Pedestrian -1 -1 0.0 1035 162 1073 244 2 3 5 -1 -1 -1 -1 0.5
27 40 Pedestrian -1 -1 0.0 329 142 351 204 2 3 5 -1 -1 -1 -1 0.5
27 41 Pedestrian -1 -1 0.0 752 156 766 204 2 3 5 -1 -1 -1 -1 0.5
27 42 Pedestrian -1 -1 0.0 326 135 378 245 2 3 5 -1 -1 -1 -1 0.5
28 1 Cyclist -1 -1 0.0 1034 163 1146 249 2 3 5 -1 -1 -1 -1 0.5
28 3 Car -1 -1 0.0 771 182 807 206 2 3 5 -1 -1 -1 -1 0.5
28 15 Car -1 -1 0.0 656 179 690 205 2 3 5 -1 -1 -1 -1 0.5
28 35 Car -1 -1 0.0 709 179 759 205 2 3 5 -1 -1 -1 -1 0.5
28 40 Pedestrian -1 -1 0.0 329 142 351 204 2 3 5 -1 -1 -1 -1 0.5
28 41 Pedestrian -1 -1 0.0 751 157 765 203 2 3 5 -1 -1 -1 -1 0.5
28 43 Car -1 -1 0.0 733 180 771 208 2 3 5 -1 -1 -1 -1 0.5
28 44 Pedestrian -1 -1 0.0 1076 162 1114 248 2 3 5 -1 -1 -1 -1 0.5
28 45 Pedestrian -1 -1 0.0 920 139 938 189 2 3 5 -1 -1 -1 -1 0.5
29 1 Cyclist -1 -1 0.0 1048 159 1166 247 2 3 5 -1 -1 -1 -1 0.5
29 3 Car -1 -1 0.0 781 183 815 205 2 3 5 -1 -1 -1 -1 0.5
29 15 Car -1 -1 0.0 656 179 690 205 2 3 5 -1 -1 -1 -1 0.5
29 35 Car -1 -1 0.0 710 179 762 205 2 3 5 -1 -1 -1 -1 0.5
29 41 Pedestrian -1 -1 0.0 751 157 765 203 2 3 5 -1 -1 -1 -1 0.5
29 43 Car -1 -1 0.0 734 180 768 206 2 3 5 -1 -1 -1 -1 0.5
29 44 Pedestrian -1 -1 0.0 1088 162 1132 248 2 3 5 -1 -1 -1 -1 0.5
29 46 Car -1 -1 0.0 1185 149 1235 199 2 3 5 -1 -1 -1 -1 0.5
29 47 Pedestrian -1 -1 0.0 1059 108 1117 256 2 3 5 -1 -1 -1 -1 0.5
29 48 Pedestrian -1 -1 0.0 686 164 700 202 2 3 5 -1 -1 -1 -1 0.5
29 49 Pedestrian -1 -1 0.0 321 113 375 253 2 3 5 -1 -1 -1 -1 0.5
29 50 Car -1 -1 0.0 9 239 49 281 2 3 5 -1 -1 -1 -1 0.5
30 1 Cyclist -1 -1 0.0 1068 160 1184 248 2 3 5 -1 -1 -1 -1 0.5
30 3 Car -1 -1 0.0 790 183 822 205 2 3 5 -1 -1 -1 -1 0.5
30 15 Car -1 -1 0.0 656 179 690 205 2 3 5 -1 -1 -1 -1 0.5
30 35 Car -1 -1 0.0 712 179 764 205 2 3 5 -1 -1 -1 -1 0.5
30 43 Car -1 -1 0.0 735 180 769 206 2 3 5 -1 -1 -1 -1 0.5
30 44 Pedestrian -1 -1 0.0 1094 161 1136 251 2 3 5 -1 -1 -1 -1 0.5
30 47 Pedestrian -1 -1 0.0 1059 108 1117 256 2 3 5 -1 -1 -1 -1 0.5
30 49 Pedestrian -1 -1 0.0 321 113 375 253 2 3 5 -1 -1 -1 -1 0.5
31 1 Cyclist -1 -1 0.0 1081 159 1203 249 2 3 5 -1 -1 -1 -1 0.5
31 15 Car -1 -1 0.0 655 179 689 205 2 3 5 -1 -1 -1 -1 0.5
31 35 Car -1 -1 0.0 712 179 766 205 2 3 5 -1 -1 -1 -1 0.5
31 43 Car -1 -1 0.0 737 180 771 206 2 3 5 -1 -1 -1 -1 0.5
31 44 Pedestrian -1 -1 0.0 1106 160 1144 248 2 3 5 -1 -1 -1 -1 0.5
31 49 Pedestrian -1 -1 0.0 321 113 375 253 2 3 5 -1 -1 -1 -1 0.5
32 1 Cyclist -1 -1 0.0 1098 158 1220 250 2 3 5 -1 -1 -1 -1 0.5
32 15 Car -1 -1 0.0 655 179 689 205 2 3 5 -1 -1 -1 -1 0.5
32 35 Car -1 -1 0.0 714 179 768 205 2 3 5 -1 -1 -1 -1 0.5
32 43 Car -1 -1 0.0 740 181 772 205 2 3 5 -1 -1 -1 -1 0.5
32 49 Pedestrian -1 -1 0.0 342 158 376 250 2 3 5 -1 -1 -1 -1 0.5
33 1 Cyclist -1 -1 0.0 1114 160 1236 252 2 3 5 -1 -1 -1 -1 0.5
33 15 Car -1 -1 0.0 655 179 689 205 2 3 5 -1 -1 -1 -1 0.5
33 43 Car -1 -1 0.0 741 181 773 203 2 3 5 -1 -1 -1 -1 0.5
33 50 Cyclist -1 -1 0.0 1121 168 1167 236 2 3 5 -1 -1 -1 -1 0.5
34 1 Cyclist -1 -1 0.0 1131 155 1249 251 2 3 5 -1 -1 -1 -1 0.5
34 15 Car -1 -1 0.0 655 179 689 205 2 3 5 -1 -1 -1 -1 0.5
34 43 Car -1 -1 0.0 744 182 774 204 2 3 5 -1 -1 -1 -1 0.5
34 51 Pedestrian -1 -1 0.0 544 180 556 210 2 3 5 -1 -1 -1 -1 0.5
35 1 Cyclist -1 -1 0.0 1143 151 1257 253 2 3 5 -1 -1 -1 -1 0.5
35 15 Car -1 -1 0.0 655 179 689 205 2 3 5 -1 -1 -1 -1 0.5
35 43 Car -1 -1 0.0 746 183 774 203 2 3 5 -1 -1 -1 -1 0.5
35 51 Pedestrian -1 -1 0.0 538 178 550 210 2 3 5 -1 -1 -1 -1 0.5
35 52 Pedestrian -1 -1 0.0 326 132 378 248 2 3 5 -1 -1 -1 -1 0.5
36 1 Cyclist -1 -1 0.0 1159 147 1263 249 2 3 5 -1 -1 -1 -1 0.5
36 15 Car -1 -1 0.0 655 179 689 205 2 3 5 -1 -1 -1 -1 0.5
36 43 Car -1 -1 0.0 747 182 775 202 2 3 5 -1 -1 -1 -1 0.5
36 51 Pedestrian -1 -1 0.0 538 179 550 211 2 3 5 -1 -1 -1 -1 0.5
36 52 Pedestrian -1 -1 0.0 321 118 375 250 2 3 5 -1 -1 -1 -1 0.5
36 53 Cyclist -1 -1 0.0 961 178 973 196 2 3 5 -1 -1 -1 -1 0.5
36 54 Cyclist -1 -1 0.0 744 172 756 198 2 3 5 -1 -1 -1 -1 0.5
37 1 Cyclist -1 -1 0.0 1176 146 1266 250 2 3 5 -1 -1 -1 -1 0.5
37 15 Car -1 -1 0.0 655 179 689 205 2 3 5 -1 -1 -1 -1 0.5
37 43 Car -1 -1 0.0 749 182 775 202 2 3 5 -1 -1 -1 -1 0.5
37 51 Pedestrian -1 -1 0.0 535 180 547 212 2 3 5 -1 -1 -1 -1 0.5
37 52 Pedestrian -1 -1 0.0 323 122 375 246 2 3 5 -1 -1 -1 -1 0.5
37 54 Cyclist -1 -1 0.0 744 172 756 198 2 3 5 -1 -1 -1 -1 0.5
37 55 Pedestrian -1 -1 0.0 1212 158 1240 234 2 3 5 -1 -1 -1 -1 0.5
37 56 Car -1 -1 0.0 534 193 552 209 2 3 5 -1 -1 -1 -1 0.5
38 1 Cyclist -1 -1 0.0 1188 143 1268 249 2 3 5 -1 -1 -1 -1 0.5
38 15 Car -1 -1 0.0 655 179 689 205 2 3 5 -1 -1 -1 -1 0.5
38 43 Car -1 -1 0.0 749 182 775 202 2 3 5 -1 -1 -1 -1 0.5
38 51 Pedestrian -1 -1 0.0 532 179 546 211 2 3 5 -1 -1 -1 -1 0.5
38 54 Cyclist -1 -1 0.0 744 172 756 198 2 3 5 -1 -1 -1 -1 0.5
38 56 Car -1 -1 0.0 534 193 552 209 2 3 5 -1 -1 -1 -1 0.5
38 57 Pedestrian -1 -1 0.0 745 181 753 207 2 3 5 -1 -1 -1 -1 0.5
39 1 Cyclist -1 -1 0.0 1203 141 1281 249 2 3 5 -1 -1 -1 -1 0.5
39 15 Car -1 -1 0.0 655 179 689 205 2 3 5 -1 -1 -1 -1 0.5
39 43 Car -1 -1 0.0 750 182 776 202 2 3 5 -1 -1 -1 -1 0.5
39 51 Pedestrian -1 -1 0.0 531 178 543 210 2 3 5 -1 -1 -1 -1 0.5
39 56 Car -1 -1 0.0 534 193 552 209 2 3 5 -1 -1 -1 -1 0.5
39 57 Pedestrian -1 -1 0.0 743 171 753 201 2 3 5 -1 -1 -1 -1 0.5
39 58 Car -1 -1 0.0 677 187 699 205 2 3 5 -1 -1 -1 -1 0.5
39 59 Pedestrian -1 -1 0.0 323 130 379 248 2 3 5 -1 -1 -1 -1 0.5
40 1 Cyclist -1 -1 0.0 1220 140 1294 248 2 3 5 -1 -1 -1 -1 0.5
40 15 Car -1 -1 0.0 656 178 690 204 2 3 5 -1 -1 -1 -1 0.5
40 43 Car -1 -1 0.0 750 182 776 200 2 3 5 -1 -1 -1 -1 0.5
40 51 Pedestrian -1 -1 0.0 528 178 540 210 2 3 5 -1 -1 -1 -1 0.5
40 57 Pedestrian -1 -1 0.0 743 171 753 201 2 3 5 -1 -1 -1 -1 0.5
40 59 Pedestrian -1 -1 0.0 323 130 379 248 2 3 5 -1 -1 -1 -1 0.5
41 1 Cyclist -1 -1 0.0 1235 138 1307 248 2 3 5 -1 -1 -1 -1 0.5
41 15 Car -1 -1 0.0 655 179 689 205 2 3 5 -1 -1 -1 -1 0.5
41 43 Car -1 -1 0.0 749 182 775 200 2 3 5 -1 -1 -1 -1 0.5
41 51 Pedestrian -1 -1 0.0 525 179 537 211 2 3 5 -1 -1 -1 -1 0.5
41 59 Pedestrian -1 -1 0.0 323 130 379 248 2 3 5 -1 -1 -1 -1 0.5
42 1 Cyclist -1 -1 0.0 1251 137 1321 247 2 3 5 -1 -1 -1 -1 0.5
42 15 Car -1 -1 0.0 654 179 690 205 2 3 5 -1 -1 -1 -1 0.5
42 43 Car -1 -1 0.0 751 181 775 201 2 3 5 -1 -1 -1 -1 0.5
42 51 Pedestrian -1 -1 0.0 521 178 535 210 2 3 5 -1 -1 -1 -1 0.5
43 15 Car -1 -1 0.0 654 179 690 205 2 3 5 -1 -1 -1 -1 0.5
43 43 Car -1 -1 0.0 751 182 775 200 2 3 5 -1 -1 -1 -1 0.5
43 51 Pedestrian -1 -1 0.0 520 180 532 210 2 3 5 -1 -1 -1 -1 0.5
43 52 Cyclist -1 -1 0.0 694 144 734 198 2 3 5 -1 -1 -1 -1 0.5
44 15 Car -1 -1 0.0 654 179 690 205 2 3 5 -1 -1 -1 -1 0.5
44 43 Car -1 -1 0.0 751 182 775 200 2 3 5 -1 -1 -1 -1 0.5
44 51 Pedestrian -1 -1 0.0 517 179 529 209 2 3 5 -1 -1 -1 -1 0.5
44 53 Pedestrian -1 -1 0.0 509 178 523 216 2 3 5 -1 -1 -1 -1 0.5
44 54 Pedestrian -1 -1 0.0 324 125 380 245 2 3 5 -1 -1 -1 -1 0.5
44 55 Car -1 -1 0.0 713 183 769 203 2 3 5 -1 -1 -1 -1 0.5
45 15 Car -1 -1 0.0 653 179 689 205 2 3 5 -1 -1 -1 -1 0.5
45 43 Car -1 -1 0.0 752 182 774 200 2 3 5 -1 -1 -1 -1 0.5
45 51 Pedestrian -1 -1 0.0 514 178 526 210 2 3 5 -1 -1 -1 -1 0.5
45 54 Pedestrian -1 -1 0.0 324 125 380 245 2 3 5 -1 -1 -1 -1 0.5
46 15 Car -1 -1 0.0 653 179 689 205 2 3 5 -1 -1 -1 -1 0.5
46 43 Car -1 -1 0.0 752 182 774 200 2 3 5 -1 -1 -1 -1 0.5
46 51 Pedestrian -1 -1 0.0 511 178 523 208 2 3 5 -1 -1 -1 -1 0.5
47 15 Car -1 -1 0.0 654 179 690 205 2 3 5 -1 -1 -1 -1 0.5
47 43 Car -1 -1 0.0 752 182 774 200 2 3 5 -1 -1 -1 -1 0.5
47 51 Pedestrian -1 -1 0.0 508 178 520 208 2 3 5 -1 -1 -1 -1 0.5
47 52 Pedestrian -1 -1 0.0 488 174 526 210 2 3 5 -1 -1 -1 -1 0.5
48 15 Car -1 -1 0.0 655 179 689 205 2 3 5 -1 -1 -1 -1 0.5
48 43 Car -1 -1 0.0 750 182 772 200 2 3 5 -1 -1 -1 -1 0.5
48 51 Pedestrian -1 -1 0.0 505 178 517 208 2 3 5 -1 -1 -1 -1 0.5
48 53 Pedestrian -1 -1 0.0 340 157 374 247 2 3 5 -1 -1 -1 -1 0.5
49 15 Car -1 -1 0.0 654 179 688 205 2 3 5 -1 -1 -1 -1 0.5
49 43 Car -1 -1 0.0 750 181 770 199 2 3 5 -1 -1 -1 -1 0.5
49 51 Pedestrian -1 -1 0.0 503 178 515 208 2 3 5 -1 -1 -1 -1 0.5
49 53 Pedestrian -1 -1 0.0 328 124 380 246 2 3 5 -1 -1 -1 -1 0.5
49 54 Car -1 -1 0.0 711 184 765 204 2 3 5 -1 -1 -1 -1 0.5
49 55 Pedestrian -1 -1 0.0 484 158 516 220 2 3 5 -1 -1 -1 -1 0.5
50 15 Car -1 -1 0.0 653 179 687 205 2 3 5 -1 -1 -1 -1 0.5
50 43 Car -1 -1 0.0 749 181 769 199 2 3 5 -1 -1 -1 -1 0.5
50 51 Pedestrian -1 -1 0.0 501 178 513 208 2 3 5 -1 -1 -1 -1 0.5
50 53 Pedestrian -1 -1 0.0 326 125 378 249 2 3 5 -1 -1 -1 -1 0.5
50 55 Pedestrian -1 -1 0.0 491 170 509 212 2 3 5 -1 -1 -1 -1 0.5
50 56 Cyclist -1 -1 0.0 560 189 570 209 2 3 5 -1 -1 -1 -1 0.5
50 57 Car -1 -1 0.0 664 183 712 201 2 3 5 -1 -1 -1 -1 0.5
51 15 Car -1 -1 0.0 653 179 689 205 2 3 5 -1 -1 -1 -1 0.5
51 43 Car -1 -1 0.0 748 180 768 198 2 3 5 -1 -1 -1 -1 0.5
51 51 Pedestrian -1 -1 0.0 498 178 510 208 2 3 5 -1 -1 -1 -1 0.5
51 53 Pedestrian -1 -1 0.0 324 122 378 250 2 3 5 -1 -1 -1 -1 0.5
51 55 Pedestrian -1 -1 0.0 488 162 508 210 2 3 5 -1 -1 -1 -1 0.5
51 57 Car -1 -1 0.0 672 183 712 201 2 3 5 -1 -1 -1 -1 0.5
52 15 Car -1 -1 0.0 653 179 689 205 2 3 5 -1 -1 -1 -1 0.5
52 43 Car -1 -1 0.0 747 181 767 199 2 3 5 -1 -1 -1 -1 0.5
52 51 Pedestrian -1 -1 0.0 495 180 509 210 2 3 5 -1 -1 -1 -1 0.5
52 55 Pedestrian -1 -1 0.0 487 162 507 210 2 3 5 -1 -1 -1 -1 0.5
53 15 Car -1 -1 0.0 654 179 688 205 2 3 5 -1 -1 -1 -1 0.5
53 43 Car -1 -1 0.0 747 181 767 199 2 3 5 -1 -1 -1 -1 0.5
53 51 Pedestrian -1 -1 0.0 492 177 506 209 2 3 5 -1 -1 -1 -1 0.5
53 56 Pedestrian -1 -1 0.0 345 170 383 250 2 3 5 -1 -1 -1 -1 0.5
54 15 Car -1 -1 0.0 653 179 689 205 2 3 5 -1 -1 -1 -1 0.5
54 43 Car -1 -1 0.0 748 180 768 198 2 3 5 -1 -1 -1 -1 0.5
54 51 Pedestrian -1 -1 0.0 490 177 502 209 2 3 5 -1 -1 -1 -1 0.5
54 56 Pedestrian -1 -1 0.0 341 161 373 245 2 3 5 -1 -1 -1 -1 0.5
55 15 Car -1 -1 0.0 653 179 689 205 2 3 5 -1 -1 -1 -1 0.5
55 43 Car -1 -1 0.0 747 181 767 199 2 3 5 -1 -1 -1 -1 0.5
55 51 Pedestrian -1 -1 0.0 486 177 498 209 2 3 5 -1 -1 -1 -1 0.5
56 15 Car -1 -1 0.0 654 179 688 205 2 3 5 -1 -1 -1 -1 0.5
56 43 Car -1 -1 0.0 747 182 767 200 2 3 5 -1 -1 -1 -1 0.5
56 51 Pedestrian -1 -1 0.0 483 176 495 208 2 3 5 -1 -1 -1 -1 0.5
56 52 Car -1 -1 0.0 1212 38 1240 94 2 3 5 -1 -1 -1 -1 0.5
57 15 Car -1 -1 0.0 653 179 689 205 2 3 5 -1 -1 -1 -1 0.5
57 43 Car -1 -1 0.0 745 183 767 199 2 3 5 -1 -1 -1 -1 0.5
57 51 Pedestrian -1 -1 0.0 480 176 492 208 2 3 5 -1 -1 -1 -1 0.5
58 15 Car -1 -1 0.0 654 179 690 205 2 3 5 -1 -1 -1 -1 0.5
58 43 Car -1 -1 0.0 746 183 766 201 2 3 5 -1 -1 -1 -1 0.5
58 51 Pedestrian -1 -1 0.0 478 177 490 207 2 3 5 -1 -1 -1 -1 0.5
58 52 Pedestrian -1 -1 0.0 322 134 372 248 2 3 5 -1 -1 -1 -1 0.5
58 53 Car -1 -1 0.0 696 182 776 204 2 3 5 -1 -1 -1 -1 0.5
59 15 Car -1 -1 0.0 654 179 690 205 2 3 5 -1 -1 -1 -1 0.5
59 43 Car -1 -1 0.0 744 182 766 200 2 3 5 -1 -1 -1 -1 0.5
59 51 Pedestrian -1 -1 0.0 475 175 487 207 2 3 5 -1 -1 -1 -1 0.5
59 53 Car -1 -1 0.0 696 182 776 204 2 3 5 -1 -1 -1 -1 0.5
60 15 Car -1 -1 0.0 654 179 688 205 2 3 5 -1 -1 -1 -1 0.5
60 43 Car -1 -1 0.0 744 181 766 199 2 3 5 -1 -1 -1 -1 0.5
60 51 Pedestrian -1 -1 0.0 473 175 485 207 2 3 5 -1 -1 -1 -1 0.5
61 15 Car -1 -1 0.0 654 179 688 205 2 3 5 -1 -1 -1 -1 0.5
61 43 Car -1 -1 0.0 743 182 767 202 2 3 5 -1 -1 -1 -1 0.5
61 51 Pedestrian -1 -1 0.0 470 174 482 208 2 3 5 -1 -1 -1 -1 0.5
61 52 Pedestrian -1 -1 0.0 701 137 719 189 2 3 5 -1 -1 -1 -1 0.5
62 15 Car -1 -1 0.0 653 179 689 205 2 3 5 -1 -1 -1 -1 0.5
62 43 Car -1 -1 0.0 743 182 767 202 2 3 5 -1 -1 -1 -1 0.5
62 51 Pedestrian -1 -1 0.0 467 174 479 208 2 3 5 -1 -1 -1 -1 0.5
63 15 Car -1 -1 0.0 654 179 688 205 2 3 5 -1 -1 -1 -1 0.5
63 43 Car -1 -1 0.0 742 182 766 202 2 3 5 -1 -1 -1 -1 0.5
63 51 Pedestrian -1 -1 0.0 465 174 477 208 2 3 5 -1 -1 -1 -1 0.5
63 52 Pedestrian -1 -1 0.0 826 143 852 203 2 3 5 -1 -1 -1 -1 0.5
63 53 Pedestrian -1 -1 0.0 342 166 374 248 2 3 5 -1 -1 -1 -1 0.5
64 15 Car -1 -1 0.0 654 179 688 205 2 3 5 -1 -1 -1 -1 0.5
64 43 Car -1 -1 0.0 742 183 766 203 2 3 5 -1 -1 -1 -1 0.5
64 51 Pedestrian -1 -1 0.0 462 173 474 207 2 3 5 -1 -1 -1 -1 0.5
64 52 Pedestrian -1 -1 0.0 825 145 845 199 2 3 5 -1 -1 -1 -1 0.5
64 53 Pedestrian -1 -1 0.0 326 132 378 246 2 3 5 -1 -1 -1 -1 0.5
65 15 Car -1 -1 0.0 654 179 688 205 2 3 5 -1 -1 -1 -1 0.5
65 43 Car -1 -1 0.0 742 183 766 203 2 3 5 -1 -1 -1 -1 0.5
65 51 Pedestrian -1 -1 0.0 460 174 472 206 2 3 5 -1 -1 -1 -1 0.5
65 53 Pedestrian -1 -1 0.0 326 131 378 245 2 3 5 -1 -1 -1 -1 0.5
66 15 Car -1 -1 0.0 654 179 688 205 2 3 5 -1 -1 -1 -1 0.5
66 51 Pedestrian -1 -1 0.0 457 175 469 207 2 3 5 -1 -1 -1 -1 0.5
67 15 Car -1 -1 0.0 655 179 689 205 2 3 5 -1 -1 -1 -1 0.5
67 51 Pedestrian -1 -1 0.0 456 175 468 207 2 3 5 -1 -1 -1 -1 0.5
67 52 Pedestrian -1 -1 0.0 344 171 380 247 2 3 5 -1 -1 -1 -1 0.5
68 15 Car -1 -1 0.0 654 179 690 205 2 3 5 -1 -1 -1 -1 0.5
68 51 Pedestrian -1 -1 0.0 453 175 465 207 2 3 5 -1 -1 -1 -1 0.5
68 52 Pedestrian -1 -1 0.0 347 174 371 242 2 3 5 -1 -1 -1 -1 0.5
68 53 Pedestrian -1 -1 0.0 323 122 377 246 2 3 5 -1 -1 -1 -1 0.5
68 54 Pedestrian -1 -1 0.0 824 141 856 195 2 3 5 -1 -1 -1 -1 0.5
68 55 Car -1 -1 0.0 689 185 723 201 2 3 5 -1 -1 -1 -1 0.5
69 15 Car -1 -1 0.0 654 179 690 205 2 3 5 -1 -1 -1 -1 0.5
69 51 Pedestrian -1 -1 0.0 451 178 463 208 2 3 5 -1 -1 -1 -1 0.5
69 53 Pedestrian -1 -1 0.0 323 122 377 246 2 3 5 -1 -1 -1 -1 0.5
69 55 Car -1 -1 0.0 689 185 723 201 2 3 5 -1 -1 -1 -1 0.5
69 56 Pedestrian -1 -1 0.0 331 139 349 193 2 3 5 -1 -1 -1 -1 0.5
70 15 Car -1 -1 0.0 654 179 690 205 2 3 5 -1 -1 -1 -1 0.5
70 51 Pedestrian -1 -1 0.0 448 178 460 208 2 3 5 -1 -1 -1 -1 0.5
70 55 Car -1 -1 0.0 686 186 716 202 2 3 5 -1 -1 -1 -1 0.5
70 57 Car -1 -1 0.0 434 185 492 207 2 3 5 -1 -1 -1 -1 0.5
70 58 Car -1 -1 0.0 1193 32 1241 70 2 3 5 -1 -1 -1 -1 0.5
71 15 Car -1 -1 0.0 654 179 688 205 2 3 5 -1 -1 -1 -1 0.5
71 51 Pedestrian -1 -1 0.0 446 178 458 208 2 3 5 -1 -1 -1 -1 0.5
71 57 Car -1 -1 0.0 434 185 492 207 2 3 5 -1 -1 -1 -1 0.5
71 59 Pedestrian -1 -1 0.0 324 141 376 251 2 3 5 -1 -1 -1 -1 0.5
72 15 Car -1 -1 0.0 653 179 687 205 2 3 5 -1 -1 -1 -1 0.5
72 51 Pedestrian -1 -1 0.0 442 176 456 208 2 3 5 -1 -1 -1 -1 0.5
72 59 Pedestrian -1 -1 0.0 324 141 376 251 2 3 5 -1 -1 -1 -1 0.5
73 15 Car -1 -1 0.0 654 179 688 205 2 3 5 -1 -1 -1 -1 0.5
73 51 Pedestrian -1 -1 0.0 439 176 453 208 2 3 5 -1 -1 -1 -1 0.5
73 59 Pedestrian -1 -1 0.0 326 116 374 246 2 3 5 -1 -1 -1 -1 0.5
73 60 Pedestrian -1 -1 0.0 329 138 353 194 2 3 5 -1 -1 -1 -1 0.5
74 15 Car -1 -1 0.0 653 179 689 205 2 3 5 -1 -1 -1 -1 0.5
74 51 Pedestrian -1 -1 0.0 437 176 451 208 2 3 5 -1 -1 -1 -1 0.5
74 59 Pedestrian -1 -1 0.0 323 124 373 248 2 3 5 -1 -1 -1 -1 0.5
74 61 Cyclist -1 -1 0.0 781 181 793 205 2 3 5 -1 -1 -1 -1 0.5
75 15 Car -1 -1 0.0 653 179 689 205 2 3 5 -1 -1 -1 -1 0.5
75 51 Pedestrian -1 -1 0.0 434 176 448 208 2 3 5 -1 -1 -1 -1 0.5
75 59 Pedestrian -1 -1 0.0 324 127 374 249 2 3 5 -1 -1 -1 -1 0.5
76 15 Car -1 -1 0.0 653 179 689 205 2 3 5 -1 -1 -1 -1 0.5
76 51 Pedestrian -1 -1 0.0 432 176 446 208 2 3 5 -1 -1 -1 -1 0.5
76 59 Pedestrian -1 -1 0.0 331 144 375 252 2 3 5 -1 -1 -1 -1 0.5
76 60 Car -1 -1 0.0 443 187 483 207 2 3 5 -1 -1 -1 -1 0.5
76 61 Cyclist -1 -1 0.0 699 137 733 195 2 3 5 -1 -1 -1 -1 0.5
77 15 Car -1 -1 0.0 653 179 689 205 2 3 5 -1 -1 -1 -1 0.5
77 51 Pedestrian -1 -1 0.0 430 175 444 207 2 3 5 -1 -1 -1 -1 0.5
77 59 Pedestrian -1 -1 0.0 337 155 379 253 2 3 5 -1 -1 -1 -1 0.5
77 61 Cyclist -1 -1 0.0 698 136 734 196 2 3 5 -1 -1 -1 -1 0.5
