0 0 Car -1 -1 0.0 478 164 512 192 2 3 5 -1 -1 -1 -1 0.5
0 1 Car -1 -1 0.0 502 164 526 188 2 3 5 -1 -1 -1 -1 0.5
0 2 Pedestrian -1 -1 0.0 936 162 950 196 2 3 5 -1 -1 -1 -1 0.5
0 3 Pedestrian -1 -1 0.0 937 151 963 217 2 3 5 -1 -1 -1 -1 0.5
0 4 Car -1 -1 0.0 1059 154 1185 212 2 3 5 -1 -1 -1 -1 0.5
0 5 Pedestrian -1 -1 0.0 957 151 981 223 2 3 5 -1 -1 -1 -1 0.5
1 0 Car -1 -1 0.0 480 163 512 193 2 3 5 -1 -1 -1 -1 0.5
1 1 Car -1 -1 0.0 502 164 526 188 2 3 5 -1 -1 -1 -1 0.5
1 2 Pedestrian -1 -1 0.0 936 159 948 201 2 3 5 -1 -1 -1 -1 0.5
1 3 Pedestrian -1 -1 0.0 931 148 957 218 2 3 5 -1 -1 -1 -1 0.5
1 4 Car -1 -1 0.0 1044 151 1194 209 2 3 5 -1 -1 -1 -1 0.5
1 5 Pedestrian -1 -1 0.0 956 151 982 223 2 3 5 -1 -1 -1 -1 0.5
1 6 Pedestrian -1 -1 0.0 1100 206 1174 368 2 3 5 -1 -1 -1 -1 0.5
1 7 Car -1 -1 0.0 1035 231 1215 369 2 3 5 -1 -1 -1 -1 0.5
2 0 Car -1 -1 0.0 480 163 512 193 2 3 5 -1 -1 -1 -1 0.5
2 1 Car -1 -1 0.0 499 164 535 188 2 3 5 -1 -1 -1 -1 0.5
2 2 Pedestrian -1 -1 0.0 935 160 949 204 2 3 5 -1 -1 -1 -1 0.5
2 4 Car -1 -1 0.0 1044 152 1198 208 2 3 5 -1 -1 -1 -1 0.5
2 5 Pedestrian -1 -1 0.0 955 149 981 225 2 3 5 -1 -1 -1 -1 0.5
2 7 Car -1 -1 0.0 908 215 1182 365 2 3 5 -1 -1 -1 -1 0.5
2 8 Cyclist -1 -1 0.0 76 152 120 196 2 3 5 -1 -1 -1 -1 0.5
3 0 Car -1 -1 0.0 481 164 513 192 2 3 5 -1 -1 -1 -1 0.5
3 1 Car -1 -1 0.0 499 165 541 189 2 3 5 -1 -1 -1 -1 0.5
3 2 Pedestrian -1 -1 0.0 935 157 951 207 2 3 5 -1 -1 -1 -1 0.5
3 4 Car -1 -1 0.0 1044 154 1194 208 2 3 5 -1 -1 -1 -1 0.5
3 5 Pedestrian -1 -1 0.0 955 150 981 222 2 3 5 -1 -1 -1 -1 0.5
3 8 Cyclist -1 -1 0.0 76 152 120 196 2 3 5 -1 -1 -1 -1 0.5
3 9 Pedestrian -1 -1 0.0 1112 202 1178 368 2 3 5 -1 -1 -1 -1 0.5
3 10 Car -1 -1 0.0 1156 161 1218 353 2 3 5 -1 -1 -1 -1 0.5
4 0 Car -1 -1 0.0 481 163 513 191 2 3 5 -1 -1 -1 -1 0.5
4 1 Car -1 -1 0.0 499 164 539 190 2 3 5 -1 -1 -1 -1 0.5
4 2 Pedestrian -1 -1 0.0 936 155 954 209 2 3 5 -1 -1 -1 -1 0.5
4 4 Car -1 -1 0.0 1049 154 1201 210 2 3 5 -1 -1 -1 -1 0.5
4 5 Pedestrian -1 -1 0.0 953 149 979 219 2 3 5 -1 -1 -1 -1 0.5
4 9 Pedestrian -1 -1 0.0 1110 206 1174 368 2 3 5 -1 -1 -1 -1 0.5
4 10 Car -1 -1 0.0 1180 206 1220 308 2 3 5 -1 -1 -1 -1 0.5
4 11 Car -1 -1 0.0 561 158 603 180 2 3 5 -1 -1 -1 -1 0.5
4 12 Pedestrian -1 -1 0.0 0 175 8 203 2 3 5 -1 -1 -1 -1 0.5
4 13 Car -1 -1 0.0 111 174 135 192 2 3 5 -1 -1 -1 -1 0.5
5 0 Car -1 -1 0.0 480 163 512 191 2 3 5 -1 -1 -1 -1 0.5
5 1 Car -1 -1 0.0 496 163 544 189 2 3 5 -1 -1 -1 -1 0.5
5 2 Pedestrian -1 -1 0.0 936 156 956 214 2 3 5 -1 -1 -1 -1 0.5
5 4 Car -1 -1 0.0 1046 154 1198 212 2 3 5 -1 -1 -1 -1 0.5
5 5 Pedestrian -1 -1 0.0 953 151 981 221 2 3 5 -1 -1 -1 -1 0.5
5 10 Car -1 -1 0.0 1180 207 1220 307 2 3 5 -1 -1 -1 -1 0.5
5 12 Pedestrian -1 -1 0.0 0 175 8 203 2 3 5 -1 -1 -1 -1 0.5
5 14 Pedestrian -1 -1 0.0 142 105 172 199 2 3 5 -1 -1 -1 -1 0.5
6 0 Car -1 -1 0.0 479 164 511 192 2 3 5 -1 -1 -1 -1 0.5
6 1 Car -1 -1 0.0 494 164 538 190 2 3 5 -1 -1 -1 -1 0.5
6 2 Pedestrian -1 -1 0.0 934 158 956 216 2 3 5 -1 -1 -1 -1 0.5
6 4 Car -1 -1 0.0 1046 155 1198 213 2 3 5 -1 -1 -1 -1 0.5
6 5 Pedestrian -1 -1 0.0 951 154 979 220 2 3 5 -1 -1 -1 -1 0.5
6 12 Pedestrian -1 -1 0.0 0 175 8 203 2 3 5 -1 -1 -1 -1 0.5
6 15 Car -1 -1 0.0 205 166 259 190 2 3 5 -1 -1 -1 -1 0.5
6 16 Cyclist -1 -1 0.0 77 151 139 195 2 3 5 -1 -1 -1 -1 0.5
7 0 Car -1 -1 0.0 479 165 511 193 2 3 5 -1 -1 -1 -1 0.5
7 1 Car -1 -1 0.0 495 165 533 191 2 3 5 -1 -1 -1 -1 0.5
7 2 Pedestrian -1 -1 0.0 934 158 958 218 2 3 5 -1 -1 -1 -1 0.5
7 4 Car -1 -1 0.0 1045 154 1203 214 2 3 5 -1 -1 -1 -1 0.5
7 5 Pedestrian -1 -1 0.0 949 155 981 229 2 3 5 -1 -1 -1 -1 0.5
7 15 Car -1 -1 0.0 205 166 259 190 2 3 5 -1 -1 -1 -1 0.5
7 17 Car -1 -1 0.0 510 164 556 186 2 3 5 -1 -1 -1 -1 0.5
8 0 Car -1 -1 0.0 481 166 511 194 2 3 5 -1 -1 -1 -1 0.5
8 1 Car -1 -1 0.0 498 166 532 192 2 3 5 -1 -1 -1 -1 0.5
8 2 Pedestrian -1 -1 0.0 936 159 960 221 2 3 5 -1 -1 -1 -1 0.5
8 4 Car -1 -1 0.0 1047 154 1205 216 2 3 5 -1 -1 -1 -1 0.5
8 5 Pedestrian -1 -1 0.0 949 157 979 227 2 3 5 -1 -1 -1 -1 0.5
8 17 Car -1 -1 0.0 514 164 560 186 2 3 5 -1 -1 -1 -1 0.5
8 18 Car -1 -1 0.0 949 195 1213 357 2 3 5 -1 -1 -1 -1 0.5
8 19 Cyclist -1 -1 0.0 923 130 991 236 2 3 5 -1 -1 -1 -1 0.5
9 0 Car -1 -1 0.0 480 166 512 194 2 3 5 -1 -1 -1 -1 0.5
9 1 Car -1 -1 0.0 499 166 531 192 2 3 5 -1 -1 -1 -1 0.5
9 2 Pedestrian -1 -1 0.0 934 158 958 222 2 3 5 -1 -1 -1 -1 0.5
9 4 Car -1 -1 0.0 1036 154 1210 218 2 3 5 -1 -1 -1 -1 0.5
9 5 Pedestrian -1 -1 0.0 945 154 977 226 2 3 5 -1 -1 -1 -1 0.5
9 17 Car -1 -1 0.0 519 163 559 187 2 3 5 -1 -1 -1 -1 0.5
9 19 Cyclist -1 -1 0.0 923 130 991 236 2 3 5 -1 -1 -1 -1 0.5
9 20 Car -1 -1 0.0 218 168 256 194 2 3 5 -1 -1 -1 -1 0.5
9 21 Cyclist -1 -1 0.0 78 157 134 199 2 3 5 -1 -1 -1 -1 0.5
9 22 Car -1 -1 0.0 111 175 149 195 2 3 5 -1 -1 -1 -1 0.5
9 23 Cyclist -1 -1 0.0 357 164 385 198 2 3 5 -1 -1 -1 -1 0.5
10 0 Car -1 -1 0.0 481 166 519 194 2 3 5 -1 -1 -1 -1 0.5
10 1 Car -1 -1 0.0 502 169 530 193 2 3 5 -1 -1 -1 -1 0.5
10 2 Pedestrian -1 -1 0.0 934 159 958 221 2 3 5 -1 -1 -1 -1 0.5
10 4 Car -1 -1 0.0 1045 155 1213 219 2 3 5 -1 -1 -1 -1 0.5
10 5 Pedestrian -1 -1 0.0 945 154 973 220 2 3 5 -1 -1 -1 -1 0.5
10 17 Car -1 -1 0.0 522 164 558 186 2 3 5 -1 -1 -1 -1 0.5
10 20 Car -1 -1 0.0 220 169 254 193 2 3 5 -1 -1 -1 -1 0.5
10 22 Car -1 -1 0.0 111 175 149 195 2 3 5 -1 -1 -1 -1 0.5
10 24 Pedestrian -1 -1 0.0 1146 222 1222 368 2 3 5 -1 -1 -1 -1 0.5
11 0 Car -1 -1 0.0 483 166 523 194 2 3 5 -1 -1 -1 -1 0.5
11 1 Car -1 -1 0.0 503 170 529 194 2 3 5 -1 -1 -1 -1 0.5
11 2 Pedestrian -1 -1 0.0 936 158 958 220 2 3 5 -1 -1 -1 -1 0.5
11 4 Car -1 -1 0.0 1042 153 1216 221 2 3 5 -1 -1 -1 -1 0.5
11 5 Pedestrian -1 -1 0.0 947 156 973 218 2 3 5 -1 -1 -1 -1 0.5
11 17 Car -1 -1 0.0 523 165 551 187 2 3 5 -1 -1 -1 -1 0.5
11 20 Car -1 -1 0.0 214 169 254 193 2 3 5 -1 -1 -1 -1 0.5
11 24 Pedestrian -1 -1 0.0 1146 222 1222 368 2 3 5 -1 -1 -1 -1 0.5
12 0 Car -1 -1 0.0 483 165 525 193 2 3 5 -1 -1 -1 -1 0.5
12 1 Car -1 -1 0.0 507 168 531 192 2 3 5 -1 -1 -1 -1 0.5
12 2 Pedestrian -1 -1 0.0 938 157 960 219 2 3 5 -1 -1 -1 -1 0.5
12 4 Car -1 -1 0.0 1043 152 1219 224 2 3 5 -1 -1 -1 -1 0.5
12 5 Pedestrian -1 -1 0.0 948 162 972 220 2 3 5 -1 -1 -1 -1 0.5
12 17 Car -1 -1 0.0 527 166 551 186 2 3 5 -1 -1 -1 -1 0.5
12 24 Pedestrian -1 -1 0.0 1146 222 1222 368 2 3 5 -1 -1 -1 -1 0.5
12 25 Cyclist -1 -1 0.0 931 122 979 228 2 3 5 -1 -1 -1 -1 0.5
12 26 Pedestrian -1 -1 0.0 811 179 881 355 2 3 5 -1 -1 -1 -1 0.5
13 0 Car -1 -1 0.0 483 165 525 193 2 3 5 -1 -1 -1 -1 0.5
13 1 Car -1 -1 0.0 507 168 533 192 2 3 5 -1 -1 -1 -1 0.5
13 2 Pedestrian -1 -1 0.0 939 156 961 220 2 3 5 -1 -1 -1 -1 0.5
13 4 Car -1 -1 0.0 1050 154 1220 222 2 3 5 -1 -1 -1 -1 0.5
13 5 Pedestrian -1 -1 0.0 947 158 971 216 2 3 5 -1 -1 -1 -1 0.5
13 17 Car -1 -1 0.0 528 166 550 186 2 3 5 -1 -1 -1 -1 0.5
13 25 Cyclist -1 -1 0.0 931 115 989 227 2 3 5 -1 -1 -1 -1 0.5
13 26 Pedestrian -1 -1 0.0 813 192 873 344 2 3 5 -1 -1 -1 -1 0.5
13 27 Pedestrian -1 -1 0.0 1180 138 1222 260 2 3 5 -1 -1 -1 -1 0.5
14 0 Car -1 -1 0.0 484 165 528 193 2 3 5 -1 -1 -1 -1 0.5
14 1 Car -1 -1 0.0 511 167 535 191 2 3 5 -1 -1 -1 -1 0.5
14 2 Pedestrian -1 -1 0.0 939 157 961 221 2 3 5 -1 -1 -1 -1 0.5
14 4 Car -1 -1 0.0 1050 152 1220 222 2 3 5 -1 -1 -1 -1 0.5
14 5 Pedestrian -1 -1 0.0 946 157 968 215 2 3 5 -1 -1 -1 -1 0.5
14 17 Car -1 -1 0.0 529 166 549 186 2 3 5 -1 -1 -1 -1 0.5
14 26 Pedestrian -1 -1 0.0 819 197 881 351 2 3 5 -1 -1 -1 -1 0.5
15 0 Car -1 -1 0.0 485 164 531 192 2 3 5 -1 -1 -1 -1 0.5
15 1 Car -1 -1 0.0 514 168 538 192 2 3 5 -1 -1 -1 -1 0.5
15 2 Pedestrian -1 -1 0.0 940 156 962 222 2 3 5 -1 -1 -1 -1 0.5
15 4 Car -1 -1 0.0 1072 149 1222 223 2 3 5 -1 -1 -1 -1 0.5
15 5 Pedestrian -1 -1 0.0 949 157 971 217 2 3 5 -1 -1 -1 -1 0.5
15 17 Car -1 -1 0.0 530 167 548 185 2 3 5 -1 -1 -1 -1 0.5
15 26 Pedestrian -1 -1 0.0 821 198 885 356 2 3 5 -1 -1 -1 -1 0.5
15 27 Car -1 -1 0.0 551 167 573 187 2 3 5 -1 -1 -1 -1 0.5
15 28 Car -1 -1 0.0 857 192 961 230 2 3 5 -1 -1 -1 -1 0.5
15 29 Pedestrian -1 -1 0.0 575 123 593 179 2 3 5 -1 -1 -1 -1 0.5
16 0 Car -1 -1 0.0 488 163 532 193 2 3 5 -1 -1 -1 -1 0.5
16 1 Car -1 -1 0.0 514 167 540 191 2 3 5 -1 -1 -1 -1 0.5
16 2 Pedestrian -1 -1 0.0 941 156 963 222 2 3 5 -1 -1 -1 -1 0.5
16 4 Car -1 -1 0.0 1096 151 1228 223 2 3 5 -1 -1 -1 -1 0.5
16 5 Pedestrian -1 -1 0.0 952 156 974 216 2 3 5 -1 -1 -1 -1 0.5
16 17 Car -1 -1 0.0 531 167 547 185 2 3 5 -1 -1 -1 -1 0.5
16 26 Pedestrian -1 -1 0.0 831 194 899 356 2 3 5 -1 -1 -1 -1 0.5
16 27 Car -1 -1 0.0 543 165 571 185 2 3 5 -1 -1 -1 -1 0.5
16 29 Pedestrian -1 -1 0.0 575 123 593 179 2 3 5 -1 -1 -1 -1 0.5
16 30 Cyclist -1 -1 0.0 935 119 1011 229 2 3 5 -1 -1 -1 -1 0.5
16 31 Car -1 -1 0.0 116 163 184 195 2 3 5 -1 -1 -1 -1 0.5
17 0 Car -1 -1 0.0 491 164 533 194 2 3 5 -1 -1 -1 -1 0.5
17 1 Car -1 -1 0.0 517 168 541 190 2 3 5 -1 -1 -1 -1 0.5
17 2 Pedestrian -1 -1 0.0 944 155 984 245 2 3 5 -1 -1 -1 -1 0.5
17 4 Car -1 -1 0.0 1101 152 1229 224 2 3 5 -1 -1 -1 -1 0.5
17 5 Pedestrian -1 -1 0.0 952 156 976 216 2 3 5 -1 -1 -1 -1 0.5
17 26 Pedestrian -1 -1 0.0 845 190 911 356 2 3 5 -1 -1 -1 -1 0.5
17 29 Pedestrian -1 -1 0.0 575 123 593 179 2 3 5 -1 -1 -1 -1 0.5
17 31 Car -1 -1 0.0 116 163 184 195 2 3 5 -1 -1 -1 -1 0.5
17 32 Pedestrian -1 -1 0.0 495 172 503 198 2 3 5 -1 -1 -1 -1 0.5
17 33 Car -1 -1 0.0 234 169 264 191 2 3 5 -1 -1 -1 -1 0.5
18 0 Car -1 -1 0.0 495 165 535 195 2 3 5 -1 -1 -1 -1 0.5
18 1 Car -1 -1 0.0 518 167 544 191 2 3 5 -1 -1 -1 -1 0.5
18 2 Pedestrian -1 -1 0.0 950 148 998 260 2 3 5 -1 -1 -1 -1 0.5
18 4 Car -1 -1 0.0 1106 151 1232 225 2 3 5 -1 -1 -1 -1 0.5
18 5 Pedestrian -1 -1 0.0 954 154 980 216 2 3 5 -1 -1 -1 -1 0.5
18 26 Pedestrian -1 -1 0.0 859 184 923 360 2 3 5 -1 -1 -1 -1 0.5
18 31 Car -1 -1 0.0 116 163 184 195 2 3 5 -1 -1 -1 -1 0.5
18 33 Car -1 -1 0.0 234 169 264 191 2 3 5 -1 -1 -1 -1 0.5
18 34 Car -1 -1 0.0 586 168 600 182 2 3 5 -1 -1 -1 -1 0.5
19 0 Car -1 -1 0.0 497 165 539 195 2 3 5 -1 -1 -1 -1 0.5
19 1 Car -1 -1 0.0 523 166 547 190 2 3 5 -1 -1 -1 -1 0.5
19 2 Pedestrian -1 -1 0.0 961 148 1003 246 2 3 5 -1 -1 -1 -1 0.5
19 4 Car -1 -1 0.0 1110 151 1234 225 2 3 5 -1 -1 -1 -1 0.5
19 5 Pedestrian -1 -1 0.0 958 153 984 217 2 3 5 -1 -1 -1 -1 0.5
19 26 Pedestrian -1 -1 0.0 865 183 931 361 2 3 5 -1 -1 -1 -1 0.5
19 33 Car -1 -1 0.0 234 169 264 191 2 3 5 -1 -1 -1 -1 0.5
19 35 Cyclist -1 -1 0.0 954 145 1012 235 2 3 5 -1 -1 -1 -1 0.5
19 36 Car -1 -1 0.0 557 167 577 185 2 3 5 -1 -1 -1 -1 0.5
20 0 Car -1 -1 0.0 500 165 540 195 2 3 5 -1 -1 -1 -1 0.5
20 1 Car -1 -1 0.0 525 166 549 188 2 3 5 -1 -1 -1 -1 0.5
20 2 Pedestrian -1 -1 0.0 963 147 1005 249 2 3 5 -1 -1 -1 -1 0.5
20 4 Car -1 -1 0.0 1115 151 1237 227 2 3 5 -1 -1 -1 -1 0.5
20 5 Pedestrian -1 -1 0.0 961 153 989 217 2 3 5 -1 -1 -1 -1 0.5
20 26 Pedestrian -1 -1 0.0 872 181 938 363 2 3 5 -1 -1 -1 -1 0.5
20 35 Cyclist -1 -1 0.0 965 136 1011 240 2 3 5 -1 -1 -1 -1 0.5
20 36 Car -1 -1 0.0 562 166 580 184 2 3 5 -1 -1 -1 -1 0.5
21 0 Car -1 -1 0.0 504 164 544 194 2 3 5 -1 -1 -1 -1 0.5
21 1 Car -1 -1 0.0 528 165 554 189 2 3 5 -1 -1 -1 -1 0.5
21 2 Pedestrian -1 -1 0.0 967 146 1007 238 2 3 5 -1 -1 -1 -1 0.5
21 5 Pedestrian -1 -1 0.0 961 152 989 216 2 3 5 -1 -1 -1 -1 0.5
21 26 Pedestrian -1 -1 0.0 879 179 945 363 2 3 5 -1 -1 -1 -1 0.5
21 36 Car -1 -1 0.0 564 166 584 182 2 3 5 -1 -1 -1 -1 0.5
22 0 Car -1 -1 0.0 508 163 548 193 2 3 5 -1 -1 -1 -1 0.5
22 1 Car -1 -1 0.0 532 165 558 189 2 3 5 -1 -1 -1 -1 0.5
22 2 Pedestrian -1 -1 0.0 972 147 1010 231 2 3 5 -1 -1 -1 -1 0.5
22 5 Pedestrian -1 -1 0.0 962 152 990 216 2 3 5 -1 -1 -1 -1 0.5
22 26 Pedestrian -1 -1 0.0 886 178 952 364 2 3 5 -1 -1 -1 -1 0.5
22 36 Car -1 -1 0.0 568 165 588 181 2 3 5 -1 -1 -1 -1 0.5
23 0 Car -1 -1 0.0 510 162 552 194 2 3 5 -1 -1 -1 -1 0.5
23 1 Car -1 -1 0.0 537 165 563 189 2 3 5 -1 -1 -1 -1 0.5
23 2 Pedestrian -1 -1 0.0 974 146 1012 232 2 3 5 -1 -1 -1 -1 0.5
23 5 Pedestrian -1 -1 0.0 963 152 991 216 2 3 5 -1 -1 -1 -1 0.5
23 36 Car -1 -1 0.0 572 163 592 179 2 3 5 -1 -1 -1 -1 0.5
23 37 Car -1 -1 0.0 1131 176 1217 216 2 3 5 -1 -1 -1 -1 0.5
24 0 Car -1 -1 0.0 515 162 555 194 2 3 5 -1 -1 -1 -1 0.5
24 1 Car -1 -1 0.0 539 165 565 189 2 3 5 -1 -1 -1 -1 0.5
24 2 Pedestrian -1 -1 0.0 981 146 1015 226 2 3 5 -1 -1 -1 -1 0.5
24 5 Pedestrian -1 -1 0.0 964 152 992 216 2 3 5 -1 -1 -1 -1 0.5
24 36 Car -1 -1 0.0 577 164 597 180 2 3 5 -1 -1 -1 -1 0.5
24 37 Car -1 -1 0.0 1157 177 1223 215 2 3 5 -1 -1 -1 -1 0.5
24 38 Cyclist -1 -1 0.0 956 159 1034 327 2 3 5 -1 -1 -1 -1 0.5
25 0 Car -1 -1 0.0 518 162 560 194 2 3 5 -1 -1 -1 -1 0.5
25 1 Car -1 -1 0.0 545 165 571 189 2 3 5 -1 -1 -1 -1 0.5
25 2 Pedestrian -1 -1 0.0 988 149 1020 225 2 3 5 -1 -1 -1 -1 0.5
25 36 Car -1 -1 0.0 578 164 600 180 2 3 5 -1 -1 -1 -1 0.5
25 38 Cyclist -1 -1 0.0 956 159 1034 327 2 3 5 -1 -1 -1 -1 0.5
25 39 Car -1 -1 0.0 617 161 641 181 2 3 5 -1 -1 -1 -1 0.5
26 0 Car -1 -1 0.0 523 163 563 195 2 3 5 -1 -1 -1 -1 0.5
26 1 Car -1 -1 0.0 547 165 573 189 2 3 5 -1 -1 -1 -1 0.5
26 2 Pedestrian -1 -1 0.0 993 150 1023 224 2 3 5 -1 -1 -1 -1 0.5
26 36 Car -1 -1 0.0 582 164 604 180 2 3 5 -1 -1 -1 -1 0.5
26 38 Cyclist -1 -1 0.0 983 134 1061 328 2 3 5 -1 -1 -1 -1 0.5
26 40 Pedestrian -1 -1 0.0 1062 178 1134 368 2 3 5 -1 -1 -1 -1 0.5
26 41 Pedestrian -1 -1 0.0 1015 156 1037 224 2 3 5 -1 -1 -1 -1 0.5
27 0 Car -1 -1 0.0 527 161 571 195 2 3 5 -1 -1 -1 -1 0.5
27 1 Car -1 -1 0.0 550 165 576 189 2 3 5 -1 -1 -1 -1 0.5
27 2 Pedestrian -1 -1 0.0 996 150 1026 224 2 3 5 -1 -1 -1 -1 0.5
27 36 Car -1 -1 0.0 586 164 608 180 2 3 5 -1 -1 -1 -1 0.5
27 40 Pedestrian -1 -1 0.0 1075 200 1167 370 2 3 5 -1 -1 -1 -1 0.5
27 41 Pedestrian -1 -1 0.0 1007 152 1043 222 2 3 5 -1 -1 -1 -1 0.5
27 42 Cyclist -1 -1 0.0 721 81 751 141 2 3 5 -1 -1 -1 -1 0.5
28 0 Car -1 -1 0.0 530 161 574 195 2 3 5 -1 -1 -1 -1 0.5
28 1 Car -1 -1 0.0 552 165 578 189 2 3 5 -1 -1 -1 -1 0.5
28 2 Pedestrian -1 -1 0.0 1001 150 1031 224 2 3 5 -1 -1 -1 -1 0.5
28 36 Car -1 -1 0.0 588 164 610 180 2 3 5 -1 -1 -1 -1 0.5
28 41 Pedestrian -1 -1 0.0 1014 155 1046 221 2 3 5 -1 -1 -1 -1 0.5
28 43 Cyclist -1 -1 0.0 991 227 1197 363 2 3 5 -1 -1 -1 -1 0.5
29 0 Car -1 -1 0.0 530 161 576 197 2 3 5 -1 -1 -1 -1 0.5
29 1 Car -1 -1 0.0 554 164 580 190 2 3 5 -1 -1 -1 -1 0.5
29 2 Pedestrian -1 -1 0.0 1004 150 1034 222 2 3 5 -1 -1 -1 -1 0.5
29 36 Car -1 -1 0.0 590 164 610 182 2 3 5 -1 -1 -1 -1 0.5
29 41 Pedestrian -1 -1 0.0 1017 153 1049 221 2 3 5 -1 -1 -1 -1 0.5
30 0 Car -1 -1 0.0 529 162 575 198 2 3 5 -1 -1 -1 -1 0.5
30 1 Car -1 -1 0.0 552 167 580 193 2 3 5 -1 -1 -1 -1 0.5
30 2 Pedestrian -1 -1 0.0 1004 153 1036 225 2 3 5 -1 -1 -1 -1 0.5
30 36 Car -1 -1 0.0 593 164 613 182 2 3 5 -1 -1 -1 -1 0.5
30 41 Pedestrian -1 -1 0.0 1021 156 1049 222 2 3 5 -1 -1 -1 -1 0.5
31 0 Car -1 -1 0.0 526 163 574 199 2 3 5 -1 -1 -1 -1 0.5
31 1 Car -1 -1 0.0 554 167 582 193 2 3 5 -1 -1 -1 -1 0.5
31 2 Pedestrian -1 -1 0.0 1002 154 1034 228 2 3 5 -1 -1 -1 -1 0.5
31 36 Car -1 -1 0.0 595 164 615 182 2 3 5 -1 -1 -1 -1 0.5
31 41 Pedestrian -1 -1 0.0 1022 156 1050 222 2 3 5 -1 -1 -1 -1 0.5
31 42 Pedestrian -1 -1 0.0 173 101 221 211 2 3 5 -1 -1 -1 -1 0.5
32 0 Car -1 -1 0.0 524 163 572 201 2 3 5 -1 -1 -1 -1 0.5
32 1 Car -1 -1 0.0 556 167 584 193 2 3 5 -1 -1 -1 -1 0.5
32 2 Pedestrian -1 -1 0.0 997 154 1029 228 2 3 5 -1 -1 -1 -1 0.5
32 36 Car -1 -1 0.0 598 164 618 182 2 3 5 -1 -1 -1 -1 0.5
32 41 Pedestrian -1 -1 0.0 1013 160 1041 226 2 3 5 -1 -1 -1 -1 0.5
32 42 Pedestrian -1 -1 0.0 159 106 201 216 2 3 5 -1 -1 -1 -1 0.5
33 0 Car -1 -1 0.0 517 162 567 202 2 3 5 -1 -1 -1 -1 0.5
33 1 Car -1 -1 0.0 561 166 587 188 2 3 5 -1 -1 -1 -1 0.5
33 2 Pedestrian -1 -1 0.0 993 155 1025 229 2 3 5 -1 -1 -1 -1 0.5
33 36 Car -1 -1 0.0 600 164 620 182 2 3 5 -1 -1 -1 -1 0.5
33 41 Pedestrian -1 -1 0.0 1007 160 1033 224 2 3 5 -1 -1 -1 -1 0.5
33 43 Pedestrian -1 -1 0.0 1123 253 1223 369 2 3 5 -1 -1 -1 -1 0.5
34 0 Car -1 -1 0.0 509 163 561 203 2 3 5 -1 -1 -1 -1 0.5
34 1 Car -1 -1 0.0 563 165 589 187 2 3 5 -1 -1 -1 -1 0.5
34 2 Pedestrian -1 -1 0.0 994 155 1026 229 2 3 5 -1 -1 -1 -1 0.5
34 41 Pedestrian -1 -1 0.0 1006 162 1030 224 2 3 5 -1 -1 -1 -1 0.5
34 44 Pedestrian -1 -1 0.0 591 132 607 178 2 3 5 -1 -1 -1 -1 0.5
34 45 Pedestrian -1 -1 0.0 985 158 1013 236 2 3 5 -1 -1 -1 -1 0.5
34 46 Pedestrian -1 -1 0.0 117 83 175 221 2 3 5 -1 -1 -1 -1 0.5
34 47 Pedestrian -1 -1 0.0 968 156 998 226 2 3 5 -1 -1 -1 -1 0.5
35 0 Car -1 -1 0.0 509 163 555 201 2 3 5 -1 -1 -1 -1 0.5
35 1 Car -1 -1 0.0 566 165 590 187 2 3 5 -1 -1 -1 -1 0.5
35 2 Pedestrian -1 -1 0.0 996 155 1028 229 2 3 5 -1 -1 -1 -1 0.5
35 41 Pedestrian -1 -1 0.0 1004 162 1028 224 2 3 5 -1 -1 -1 -1 0.5
35 45 Pedestrian -1 -1 0.0 947 155 1015 243 2 3 5 -1 -1 -1 -1 0.5
35 47 Pedestrian -1 -1 0.0 961 159 993 221 2 3 5 -1 -1 -1 -1 0.5
35 48 Car -1 -1 0.0 505 166 621 206 2 3 5 -1 -1 -1 -1 0.5
35 49 Car -1 -1 0.0 479 161 537 205 2 3 5 -1 -1 -1 -1 0.5
36 0 Car -1 -1 0.0 508 164 556 202 2 3 5 -1 -1 -1 -1 0.5
36 1 Car -1 -1 0.0 568 165 592 187 2 3 5 -1 -1 -1 -1 0.5
36 2 Pedestrian -1 -1 0.0 998 155 1030 229 2 3 5 -1 -1 -1 -1 0.5
36 41 Pedestrian -1 -1 0.0 1003 163 1027 225 2 3 5 -1 -1 -1 -1 0.5
36 45 Pedestrian -1 -1 0.0 942 155 990 233 2 3 5 -1 -1 -1 -1 0.5
36 47 Pedestrian -1 -1 0.0 959 158 989 224 2 3 5 -1 -1 -1 -1 0.5
36 49 Car -1 -1 0.0 466 163 522 207 2 3 5 -1 -1 -1 -1 0.5
37 0 Car -1 -1 0.0 508 164 556 202 2 3 5 -1 -1 -1 -1 0.5
37 1 Car -1 -1 0.0 571 165 595 187 2 3 5 -1 -1 -1 -1 0.5
37 2 Pedestrian -1 -1 0.0 989 164 1019 238 2 3 5 -1 -1 -1 -1 0.5
37 41 Pedestrian -1 -1 0.0 1002 164 1024 226 2 3 5 -1 -1 -1 -1 0.5
37 45 Pedestrian -1 -1 0.0 935 155 977 229 2 3 5 -1 -1 -1 -1 0.5
37 47 Pedestrian -1 -1 0.0 955 158 983 226 2 3 5 -1 -1 -1 -1 0.5
37 49 Car -1 -1 0.0 457 165 513 209 2 3 5 -1 -1 -1 -1 0.5
37 50 Pedestrian -1 -1 0.0 149 155 175 197 2 3 5 -1 -1 -1 -1 0.5
37 51 Pedestrian -1 -1 0.0 547 150 555 176 2 3 5 -1 -1 -1 -1 0.5
37 52 Car -1 -1 0.0 1191 185 1223 225 2 3 5 -1 -1 -1 -1 0.5
37 53 Pedestrian -1 -1 0.0 1216 206 1222 248 2 3 5 -1 -1 -1 -1 0.5
38 0 Car -1 -1 0.0 508 163 556 203 2 3 5 -1 -1 -1 -1 0.5
38 2 Pedestrian -1 -1 0.0 989 165 1019 239 2 3 5 -1 -1 -1 -1 0.5
38 45 Pedestrian -1 -1 0.0 933 154 973 228 2 3 5 -1 -1 -1 -1 0.5
38 49 Car -1 -1 0.0 444 164 500 208 2 3 5 -1 -1 -1 -1 0.5
38 51 Pedestrian -1 -1 0.0 547 150 555 176 2 3 5 -1 -1 -1 -1 0.5
38 52 Car -1 -1 0.0 1179 180 1221 226 2 3 5 -1 -1 -1 -1 0.5
38 54 Pedestrian -1 -1 0.0 917 151 941 219 2 3 5 -1 -1 -1 -1 0.5
38 55 Pedestrian -1 -1 0.0 929 156 959 234 2 3 5 -1 -1 -1 -1 0.5
38 56 Pedestrian -1 -1 0.0 40 151 62 227 2 3 5 -1 -1 -1 -1 0.5
39 0 Car -1 -1 0.0 508 163 556 203 2 3 5 -1 -1 -1 -1 0.5
39 2 Pedestrian -1 -1 0.0 990 166 1020 240 2 3 5 -1 -1 -1 -1 0.5
39 45 Pedestrian -1 -1 0.0 929 153 969 225 2 3 5 -1 -1 -1 -1 0.5
39 49 Car -1 -1 0.0 426 162 488 208 2 3 5 -1 -1 -1 -1 0.5
39 52 Car -1 -1 0.0 1170 179 1220 223 2 3 5 -1 -1 -1 -1 0.5
39 54 Pedestrian -1 -1 0.0 899 153 927 217 2 3 5 -1 -1 -1 -1 0.5
39 55 Pedestrian -1 -1 0.0 915 155 941 219 2 3 5 -1 -1 -1 -1 0.5
40 2 Pedestrian -1 -1 0.0 991 167 1021 241 2 3 5 -1 -1 -1 -1 0.5
40 45 Pedestrian -1 -1 0.0 926 152 964 224 2 3 5 -1 -1 -1 -1 0.5
40 49 Car -1 -1 0.0 405 159 469 209 2 3 5 -1 -1 -1 -1 0.5
40 52 Car -1 -1 0.0 1161 177 1219 223 2 3 5 -1 -1 -1 -1 0.5
40 54 Pedestrian -1 -1 0.0 886 155 918 219 2 3 5 -1 -1 -1 -1 0.5
40 55 Pedestrian -1 -1 0.0 907 154 931 220 2 3 5 -1 -1 -1 -1 0.5
41 2 Pedestrian -1 -1 0.0 992 168 1022 242 2 3 5 -1 -1 -1 -1 0.5
41 45 Pedestrian -1 -1 0.0 922 152 960 222 2 3 5 -1 -1 -1 -1 0.5
41 49 Car -1 -1 0.0 382 157 446 209 2 3 5 -1 -1 -1 -1 0.5
41 52 Car -1 -1 0.0 1154 159 1216 221 2 3 5 -1 -1 -1 -1 0.5
41 54 Pedestrian -1 -1 0.0 882 154 910 218 2 3 5 -1 -1 -1 -1 0.5
41 56 Pedestrian -1 -1 0.0 858 153 896 225 2 3 5 -1 -1 -1 -1 0.5
41 57 Car -1 -1 0.0 449 165 469 183 2 3 5 -1 -1 -1 -1 0.5
42 45 Pedestrian -1 -1 0.0 919 151 955 221 2 3 5 -1 -1 -1 -1 0.5
42 49 Car -1 -1 0.0 356 158 424 214 2 3 5 -1 -1 -1 -1 0.5
42 52 Car -1 -1 0.0 1145 156 1215 224 2 3 5 -1 -1 -1 -1 0.5
42 56 Pedestrian -1 -1 0.0 840 155 872 223 2 3 5 -1 -1 -1 -1 0.5
42 58 Pedestrian -1 -1 0.0 858 157 882 219 2 3 5 -1 -1 -1 -1 0.5
43 49 Car -1 -1 0.0 326 160 398 220 2 3 5 -1 -1 -1 -1 0.5
43 52 Car -1 -1 0.0 1121 155 1209 229 2 3 5 -1 -1 -1 -1 0.5
43 56 Pedestrian -1 -1 0.0 827 157 861 227 2 3 5 -1 -1 -1 -1 0.5
44 49 Car -1 -1 0.0 294 160 372 224 2 3 5 -1 -1 -1 -1 0.5
44 52 Car -1 -1 0.0 1085 154 1205 232 2 3 5 -1 -1 -1 -1 0.5
44 57 Pedestrian -1 -1 0.0 789 158 821 224 2 3 5 -1 -1 -1 -1 0.5
44 58 Pedestrian -1 -1 0.0 808 159 832 231 2 3 5 -1 -1 -1 -1 0.5
45 49 Car -1 -1 0.0 257 162 345 228 2 3 5 -1 -1 -1 -1 0.5
45 52 Car -1 -1 0.0 1059 156 1205 236 2 3 5 -1 -1 -1 -1 0.5
45 58 Pedestrian -1 -1 0.0 808 159 832 231 2 3 5 -1 -1 -1 -1 0.5
45 59 Pedestrian -1 -1 0.0 761 163 793 231 2 3 5 -1 -1 -1 -1 0.5
46 49 Car -1 -1 0.0 216 161 312 233 2 3 5 -1 -1 -1 -1 0.5
46 52 Car -1 -1 0.0 1018 155 1194 237 2 3 5 -1 -1 -1 -1 0.5
46 59 Pedestrian -1 -1 0.0 747 164 773 228 2 3 5 -1 -1 -1 -1 0.5
46 60 Pedestrian -1 -1 0.0 730 161 760 231 2 3 5 -1 -1 -1 -1 0.5
47 49 Car -1 -1 0.0 169 163 275 241 2 3 5 -1 -1 -1 -1 0.5
47 52 Car -1 -1 0.0 982 158 1184 238 2 3 5 -1 -1 -1 -1 0.5
47 60 Pedestrian -1 -1 0.0 730 161 760 231 2 3 5 -1 -1 -1 -1 0.5
47 61 Car -1 -1 0.0 339 174 367 192 2 3 5 -1 -1 -1 -1 0.5
47 62 Pedestrian -1 -1 0.0 689 162 719 228 2 3 5 -1 -1 -1 -1 0.5
47 63 Pedestrian -1 -1 0.0 705 167 733 233 2 3 5 -1 -1 -1 -1 0.5
48 49 Car -1 -1 0.0 112 165 236 251 2 3 5 -1 -1 -1 -1 0.5
48 52 Car -1 -1 0.0 938 160 1150 238 2 3 5 -1 -1 -1 -1 0.5
48 61 Car -1 -1 0.0 339 174 367 192 2 3 5 -1 -1 -1 -1 0.5
48 62 Pedestrian -1 -1 0.0 676 166 706 230 2 3 5 -1 -1 -1 -1 0.5
48 64 Car -1 -1 0.0 1176 173 1218 215 2 3 5 -1 -1 -1 -1 0.5
48 65 Pedestrian -1 -1 0.0 655 164 683 234 2 3 5 -1 -1 -1 -1 0.5
49 49 Car -1 -1 0.0 54 167 184 261 2 3 5 -1 -1 -1 -1 0.5
49 52 Car -1 -1 0.0 899 161 1111 237 2 3 5 -1 -1 -1 -1 0.5
49 62 Pedestrian -1 -1 0.0 676 166 706 230 2 3 5 -1 -1 -1 -1 0.5
49 65 Pedestrian -1 -1 0.0 655 164 683 234 2 3 5 -1 -1 -1 -1 0.5
49 66 Pedestrian -1 -1 0.0 610 161 644 233 2 3 5 -1 -1 -1 -1 0.5
49 67 Car -1 -1 0.0 258 176 280 196 2 3 5 -1 -1 -1 -1 0.5
49 68 Pedestrian -1 -1 0.0 630 167 658 227 2 3 5 -1 -1 -1 -1 0.5
50 49 Car -1 -1 0.0 11 166 137 270 2 3 5 -1 -1 -1 -1 0.5
50 52 Car -1 -1 0.0 861 162 1069 236 2 3 5 -1 -1 -1 -1 0.5
50 65 Pedestrian -1 -1 0.0 655 164 683 234 2 3 5 -1 -1 -1 -1 0.5
50 67 Car -1 -1 0.0 258 176 280 196 2 3 5 -1 -1 -1 -1 0.5
50 69 Cyclist -1 -1 0.0 706 183 742 219 2 3 5 -1 -1 -1 -1 0.5
50 70 Cyclist -1 -1 0.0 964 183 1022 217 2 3 5 -1 -1 -1 -1 0.5
50 71 Pedestrian -1 -1 0.0 594 157 616 225 2 3 5 -1 -1 -1 -1 0.5
50 72 Pedestrian -1 -1 0.0 571 158 607 234 2 3 5 -1 -1 -1 -1 0.5
50 73 Car -1 -1 0.0 58 174 98 202 2 3 5 -1 -1 -1 -1 0.5
51 49 Car -1 -1 0.0 -21 166 108 274 2 3 5 -1 -1 -1 -1 0.5
51 52 Car -1 -1 0.0 820 161 1024 235 2 3 5 -1 -1 -1 -1 0.5
51 67 Car -1 -1 0.0 258 176 280 196 2 3 5 -1 -1 -1 -1 0.5
51 70 Cyclist -1 -1 0.0 964 183 1022 217 2 3 5 -1 -1 -1 -1 0.5
51 72 Pedestrian -1 -1 0.0 571 158 607 234 2 3 5 -1 -1 -1 -1 0.5
51 74 Pedestrian -1 -1 0.0 532 156 566 232 2 3 5 -1 -1 -1 -1 0.5
52 49 Car -1 -1 0.0 -55 166 80 280 2 3 5 -1 -1 -1 -1 0.5
52 52 Car -1 -1 0.0 783 160 985 232 2 3 5 -1 -1 -1 -1 0.5
52 70 Cyclist -1 -1 0.0 964 183 1022 217 2 3 5 -1 -1 -1 -1 0.5
52 74 Pedestrian -1 -1 0.0 532 156 566 232 2 3 5 -1 -1 -1 -1 0.5
52 75 Pedestrian -1 -1 0.0 492 158 528 234 2 3 5 -1 -1 -1 -1 0.5
52 76 Pedestrian -1 -1 0.0 479 154 505 230 2 3 5 -1 -1 -1 -1 0.5
53 49 Car -1 -1 0.0 -89 166 50 284 2 3 5 -1 -1 -1 -1 0.5
53 52 Car -1 -1 0.0 749 159 941 229 2 3 5 -1 -1 -1 -1 0.5
53 74 Pedestrian -1 -1 0.0 532 156 566 232 2 3 5 -1 -1 -1 -1 0.5
53 76 Pedestrian -1 -1 0.0 479 154 505 230 2 3 5 -1 -1 -1 -1 0.5
53 77 Pedestrian -1 -1 0.0 444 154 484 240 2 3 5 -1 -1 -1 -1 0.5
53 78 Cyclist -1 -1 0.0 856 166 894 214 2 3 5 -1 -1 -1 -1 0.5
53 79 Pedestrian -1 -1 0.0 432 150 460 228 2 3 5 -1 -1 -1 -1 0.5
54 49 Car -1 -1 0.0 -123 167 22 289 2 3 5 -1 -1 -1 -1 0.5
54 52 Car -1 -1 0.0 711 156 903 228 2 3 5 -1 -1 -1 -1 0.5
54 76 Pedestrian -1 -1 0.0 479 154 505 230 2 3 5 -1 -1 -1 -1 0.5
54 78 Cyclist -1 -1 0.0 856 166 894 214 2 3 5 -1 -1 -1 -1 0.5
54 80 Pedestrian -1 -1 0.0 381 151 411 239 2 3 5 -1 -1 -1 -1 0.5
54 81 Pedestrian -1 -1 0.0 395 153 435 239 2 3 5 -1 -1 -1 -1 0.5
55 52 Car -1 -1 0.0 678 156 862 228 2 3 5 -1 -1 -1 -1 0.5
55 78 Cyclist -1 -1 0.0 856 166 894 214 2 3 5 -1 -1 -1 -1 0.5
55 81 Pedestrian -1 -1 0.0 395 153 435 239 2 3 5 -1 -1 -1 -1 0.5
55 82 Pedestrian -1 -1 0.0 668 69 690 129 2 3 5 -1 -1 -1 -1 0.5
55 83 Pedestrian -1 -1 0.0 353 155 385 237 2 3 5 -1 -1 -1 -1 0.5
55 84 Pedestrian -1 -1 0.0 326 155 368 233 2 3 5 -1 -1 -1 -1 0.5
55 85 Car -1 -1 0.0 1174 166 1218 198 2 3 5 -1 -1 -1 -1 0.5
56 52 Car -1 -1 0.0 640 157 822 229 2 3 5 -1 -1 -1 -1 0.5
56 81 Pedestrian -1 -1 0.0 395 153 435 239 2 3 5 -1 -1 -1 -1 0.5
56 83 Pedestrian -1 -1 0.0 353 155 385 237 2 3 5 -1 -1 -1 -1 0.5
56 85 Car -1 -1 0.0 1174 166 1218 198 2 3 5 -1 -1 -1 -1 0.5
56 86 Pedestrian -1 -1 0.0 294 159 328 241 2 3 5 -1 -1 -1 -1 0.5
56 87 Car -1 -1 0.0 1104 168 1170 196 2 3 5 -1 -1 -1 -1 0.5
56 88 Pedestrian -1 -1 0.0 264 153 312 241 2 3 5 -1 -1 -1 -1 0.5
56 89 Cyclist -1 -1 0.0 745 150 779 228 2 3 5 -1 -1 -1 -1 0.5
57 52 Car -1 -1 0.0 603 158 781 230 2 3 5 -1 -1 -1 -1 0.5
57 83 Pedestrian -1 -1 0.0 353 155 385 237 2 3 5 -1 -1 -1 -1 0.5
57 86 Pedestrian -1 -1 0.0 294 159 328 241 2 3 5 -1 -1 -1 -1 0.5
57 88 Pedestrian -1 -1 0.0 264 153 312 241 2 3 5 -1 -1 -1 -1 0.5
57 90 Pedestrian -1 -1 0.0 236 152 276 246 2 3 5 -1 -1 -1 -1 0.5
57 91 Cyclist -1 -1 0.0 707 151 739 225 2 3 5 -1 -1 -1 -1 0.5
57 92 Car -1 -1 0.0 1049 174 1111 198 2 3 5 -1 -1 -1 -1 0.5
57 93 Pedestrian -1 -1 0.0 205 153 257 247 2 3 5 -1 -1 -1 -1 0.5
58 52 Car -1 -1 0.0 564 159 742 233 2 3 5 -1 -1 -1 -1 0.5
58 86 Pedestrian -1 -1 0.0 294 159 328 241 2 3 5 -1 -1 -1 -1 0.5
58 90 Pedestrian -1 -1 0.0 236 152 276 246 2 3 5 -1 -1 -1 -1 0.5
58 92 Car -1 -1 0.0 1049 174 1111 198 2 3 5 -1 -1 -1 -1 0.5
58 93 Pedestrian -1 -1 0.0 92 153 236 247 2 3 5 -1 -1 -1 -1 0.5
58 94 Pedestrian -1 -1 0.0 125 150 173 254 2 3 5 -1 -1 -1 -1 0.5
58 95 Pedestrian -1 -1 0.0 156 153 204 251 2 3 5 -1 -1 -1 -1 0.5
58 96 Car -1 -1 0.0 997 175 1047 203 2 3 5 -1 -1 -1 -1 0.5
59 52 Car -1 -1 0.0 523 160 703 234 2 3 5 -1 -1 -1 -1 0.5
59 90 Pedestrian -1 -1 0.0 236 152 276 246 2 3 5 -1 -1 -1 -1 0.5
59 93 Pedestrian -1 -1 0.0 90 153 236 247 2 3 5 -1 -1 -1 -1 0.5
59 95 Pedestrian -1 -1 0.0 156 153 204 251 2 3 5 -1 -1 -1 -1 0.5
59 97 Pedestrian -1 -1 0.0 41 155 99 263 2 3 5 -1 -1 -1 -1 0.5
59 98 Pedestrian -1 -1 0.0 74 152 132 258 2 3 5 -1 -1 -1 -1 0.5
59 99 Car -1 -1 0.0 948 180 990 204 2 3 5 -1 -1 -1 -1 0.5
60 52 Car -1 -1 0.0 481 162 659 238 2 3 5 -1 -1 -1 -1 0.5
60 90 Pedestrian -1 -1 0.0 227 187 299 267 2 3 5 -1 -1 -1 -1 0.5
60 95 Pedestrian -1 -1 0.0 156 153 204 251 2 3 5 -1 -1 -1 -1 0.5
60 98 Pedestrian -1 -1 0.0 74 152 132 258 2 3 5 -1 -1 -1 -1 0.5
60 100 Pedestrian -1 -1 0.0 1 151 45 257 2 3 5 -1 -1 -1 -1 0.5
60 101 Car -1 -1 0.0 889 175 945 203 2 3 5 -1 -1 -1 -1 0.5
60 102 Cyclist -1 -1 0.0 603 192 621 226 2 3 5 -1 -1 -1 -1 0.5
61 52 Car -1 -1 0.0 435 162 617 240 2 3 5 -1 -1 -1 -1 0.5
61 95 Pedestrian -1 -1 0.0 164 184 208 288 2 3 5 -1 -1 -1 -1 0.5
61 100 Pedestrian -1 -1 0.0 1 151 45 257 2 3 5 -1 -1 -1 -1 0.5
61 102 Cyclist -1 -1 0.0 603 192 621 226 2 3 5 -1 -1 -1 -1 0.5
61 103 Car -1 -1 0.0 977 177 1003 193 2 3 5 -1 -1 -1 -1 0.5
61 104 Car -1 -1 0.0 850 174 890 202 2 3 5 -1 -1 -1 -1 0.5
61 105 Pedestrian -1 -1 0.0 393 117 461 313 2 3 5 -1 -1 -1 -1 0.5
61 106 Car -1 -1 0.0 1109 163 1223 301 2 3 5 -1 -1 -1 -1 0.5
62 52 Car -1 -1 0.0 387 162 577 242 2 3 5 -1 -1 -1 -1 0.5
62 100 Pedestrian -1 -1 0.0 1 151 45 257 2 3 5 -1 -1 -1 -1 0.5
62 103 Car -1 -1 0.0 977 177 1003 193 2 3 5 -1 -1 -1 -1 0.5
62 105 Pedestrian -1 -1 0.0 393 117 461 313 2 3 5 -1 -1 -1 -1 0.5
62 106 Car -1 -1 0.0 1077 186 1203 292 2 3 5 -1 -1 -1 -1 0.5
62 107 Car -1 -1 0.0 801 174 843 200 2 3 5 -1 -1 -1 -1 0.5
62 108 Car -1 -1 0.0 1037 178 1111 230 2 3 5 -1 -1 -1 -1 0.5
62 109 Car -1 -1 0.0 922 176 950 192 2 3 5 -1 -1 -1 -1 0.5
63 52 Car -1 -1 0.0 338 161 536 243 2 3 5 -1 -1 -1 -1 0.5
63 103 Car -1 -1 0.0 977 177 1003 193 2 3 5 -1 -1 -1 -1 0.5
63 106 Car -1 -1 0.0 1047 184 1195 292 2 3 5 -1 -1 -1 -1 0.5
63 108 Car -1 -1 0.0 1037 178 1111 230 2 3 5 -1 -1 -1 -1 0.5
63 110 Car -1 -1 0.0 758 174 802 202 2 3 5 -1 -1 -1 -1 0.5
63 111 Car -1 -1 0.0 991 181 1057 233 2 3 5 -1 -1 -1 -1 0.5
64 52 Car -1 -1 0.0 287 160 491 246 2 3 5 -1 -1 -1 -1 0.5
64 106 Car -1 -1 0.0 1013 185 1171 295 2 3 5 -1 -1 -1 -1 0.5
64 110 Car -1 -1 0.0 758 174 802 202 2 3 5 -1 -1 -1 -1 0.5
64 112 Car -1 -1 0.0 713 174 753 204 2 3 5 -1 -1 -1 -1 0.5
64 113 Cyclist -1 -1 0.0 1083 250 1203 330 2 3 5 -1 -1 -1 -1 0.5
64 114 Car -1 -1 0.0 954 180 1002 226 2 3 5 -1 -1 -1 -1 0.5
65 52 Car -1 -1 0.0 228 160 442 248 2 3 5 -1 -1 -1 -1 0.5
65 106 Car -1 -1 0.0 978 187 1138 295 2 3 5 -1 -1 -1 -1 0.5
65 112 Car -1 -1 0.0 713 174 753 204 2 3 5 -1 -1 -1 -1 0.5
65 114 Car -1 -1 0.0 954 180 1002 226 2 3 5 -1 -1 -1 -1 0.5
65 115 Pedestrian -1 -1 0.0 850 170 858 198 2 3 5 -1 -1 -1 -1 0.5
65 116 Pedestrian -1 -1 0.0 34 204 222 368 2 3 5 -1 -1 -1 -1 0.5
65 117 Car -1 -1 0.0 908 182 958 222 2 3 5 -1 -1 -1 -1 0.5
65 118 Car -1 -1 0.0 671 173 717 201 2 3 5 -1 -1 -1 -1 0.5
66 52 Car -1 -1 0.0 159 157 393 253 2 3 5 -1 -1 -1 -1 0.5
66 106 Car -1 -1 0.0 938 186 1104 294 2 3 5 -1 -1 -1 -1 0.5
66 114 Car -1 -1 0.0 954 180 1002 226 2 3 5 -1 -1 -1 -1 0.5
66 116 Pedestrian -1 -1 0.0 34 204 222 368 2 3 5 -1 -1 -1 -1 0.5
66 118 Car -1 -1 0.0 671 173 717 201 2 3 5 -1 -1 -1 -1 0.5
66 119 Car -1 -1 0.0 625 174 673 202 2 3 5 -1 -1 -1 -1 0.5
66 120 Car -1 -1 0.0 754 176 776 192 2 3 5 -1 -1 -1 -1 0.5
66 121 Car -1 -1 0.0 870 180 922 218 2 3 5 -1 -1 -1 -1 0.5
67 52 Car -1 -1 0.0 102 156 338 258 2 3 5 -1 -1 -1 -1 0.5
67 106 Car -1 -1 0.0 900 184 1078 296 2 3 5 -1 -1 -1 -1 0.5
67 116 Pedestrian -1 -1 0.0 34 204 222 368 2 3 5 -1 -1 -1 -1 0.5
67 119 Car -1 -1 0.0 625 174 673 202 2 3 5 -1 -1 -1 -1 0.5
67 121 Car -1 -1 0.0 870 180 922 218 2 3 5 -1 -1 -1 -1 0.5
67 122 Car -1 -1 0.0 880 180 972 236 2 3 5 -1 -1 -1 -1 0.5
67 123 Pedestrian -1 -1 0.0 12 89 76 369 2 3 5 -1 -1 -1 -1 0.5
67 124 Car -1 -1 0.0 14 133 168 287 2 3 5 -1 -1 -1 -1 0.5
67 125 Car -1 -1 0.0 834 175 886 217 2 3 5 -1 -1 -1 -1 0.5
67 126 Car -1 -1 0.0 712 175 740 189 2 3 5 -1 -1 -1 -1 0.5
67 127 Car -1 -1 0.0 589 173 635 201 2 3 5 -1 -1 -1 -1 0.5
68 52 Car -1 -1 0.0 37 155 285 267 2 3 5 -1 -1 -1 -1 0.5
68 106 Car -1 -1 0.0 869 184 1053 296 2 3 5 -1 -1 -1 -1 0.5
68 119 Car -1 -1 0.0 625 174 673 202 2 3 5 -1 -1 -1 -1 0.5
68 122 Car -1 -1 0.0 854 178 940 230 2 3 5 -1 -1 -1 -1 0.5
68 124 Car -1 -1 0.0 14 133 168 287 2 3 5 -1 -1 -1 -1 0.5
68 125 Car -1 -1 0.0 810 173 858 215 2 3 5 -1 -1 -1 -1 0.5
68 127 Car -1 -1 0.0 589 173 635 201 2 3 5 -1 -1 -1 -1 0.5
68 128 Car -1 -1 0.0 553 170 599 200 2 3 5 -1 -1 -1 -1 0.5
69 52 Car -1 -1 0.0 -6 155 245 269 2 3 5 -1 -1 -1 -1 0.5
69 106 Car -1 -1 0.0 844 182 1034 298 2 3 5 -1 -1 -1 -1 0.5
69 122 Car -1 -1 0.0 854 178 940 230 2 3 5 -1 -1 -1 -1 0.5
69 124 Car -1 -1 0.0 8 143 176 277 2 3 5 -1 -1 -1 -1 0.5
69 125 Car -1 -1 0.0 796 173 844 215 2 3 5 -1 -1 -1 -1 0.5
69 128 Car -1 -1 0.0 526 166 572 198 2 3 5 -1 -1 -1 -1 0.5
69 129 Car -1 -1 0.0 650 170 680 186 2 3 5 -1 -1 -1 -1 0.5
70 52 Car -1 -1 0.0 -52 155 205 271 2 3 5 -1 -1 -1 -1 0.5
70 106 Car -1 -1 0.0 828 182 1022 300 2 3 5 -1 -1 -1 -1 0.5
70 122 Car -1 -1 0.0 835 177 931 245 2 3 5 -1 -1 -1 -1 0.5
70 124 Car -1 -1 0.0 3 142 145 280 2 3 5 -1 -1 -1 -1 0.5
70 125 Car -1 -1 0.0 780 171 828 213 2 3 5 -1 -1 -1 -1 0.5
70 128 Car -1 -1 0.0 505 165 557 197 2 3 5 -1 -1 -1 -1 0.5
70 130 Car -1 -1 0.0 627 166 655 186 2 3 5 -1 -1 -1 -1 0.5
70 131 Car -1 -1 0.0 8 220 88 272 2 3 5 -1 -1 -1 -1 0.5
70 132 Car -1 -1 0.0 751 172 789 200 2 3 5 -1 -1 -1 -1 0.5
71 52 Car -1 -1 0.0 -97 155 166 273 2 3 5 -1 -1 -1 -1 0.5
71 106 Car -1 -1 0.0 816 180 1016 304 2 3 5 -1 -1 -1 -1 0.5
71 122 Car -1 -1 0.0 815 175 915 239 2 3 5 -1 -1 -1 -1 0.5
71 124 Car -1 -1 0.0 -3 141 106 285 2 3 5 -1 -1 -1 -1 0.5
71 128 Car -1 -1 0.0 485 165 539 199 2 3 5 -1 -1 -1 -1 0.5
71 131 Car -1 -1 0.0 8 220 88 272 2 3 5 -1 -1 -1 -1 0.5
71 132 Car -1 -1 0.0 747 169 797 211 2 3 5 -1 -1 -1 -1 0.5
71 133 Car -1 -1 0.0 603 167 635 183 2 3 5 -1 -1 -1 -1 0.5
72 52 Car -1 -1 0.0 -142 154 127 276 2 3 5 -1 -1 -1 -1 0.5
72 106 Car -1 -1 0.0 804 182 1018 306 2 3 5 -1 -1 -1 -1 0.5
72 122 Car -1 -1 0.0 799 174 899 240 2 3 5 -1 -1 -1 -1 0.5
72 124 Car -1 -1 0.0 -7 142 96 286 2 3 5 -1 -1 -1 -1 0.5
72 131 Car -1 -1 0.0 8 220 88 272 2 3 5 -1 -1 -1 -1 0.5
72 132 Car -1 -1 0.0 740 171 792 213 2 3 5 -1 -1 -1 -1 0.5
72 133 Car -1 -1 0.0 591 170 621 188 2 3 5 -1 -1 -1 -1 0.5
72 134 Car -1 -1 0.0 1116 202 1208 252 2 3 5 -1 -1 -1 -1 0.5
72 135 Car -1 -1 0.0 438 171 502 205 2 3 5 -1 -1 -1 -1 0.5
73 106 Car -1 -1 0.0 798 183 1022 315 2 3 5 -1 -1 -1 -1 0.5
73 122 Car -1 -1 0.0 788 176 894 250 2 3 5 -1 -1 -1 -1 0.5
73 124 Car -1 -1 0.0 -12 143 87 287 2 3 5 -1 -1 -1 -1 0.5
73 132 Car -1 -1 0.0 731 173 783 217 2 3 5 -1 -1 -1 -1 0.5
73 134 Car -1 -1 0.0 1116 202 1208 252 2 3 5 -1 -1 -1 -1 0.5
73 135 Car -1 -1 0.0 416 174 474 208 2 3 5 -1 -1 -1 -1 0.5
74 106 Car -1 -1 0.0 799 186 1039 328 2 3 5 -1 -1 -1 -1 0.5
74 122 Car -1 -1 0.0 780 177 894 253 2 3 5 -1 -1 -1 -1 0.5
74 124 Car -1 -1 0.0 -17 143 78 287 2 3 5 -1 -1 -1 -1 0.5
74 132 Car -1 -1 0.0 721 174 775 218 2 3 5 -1 -1 -1 -1 0.5
74 135 Car -1 -1 0.0 403 174 467 208 2 3 5 -1 -1 -1 -1 0.5
74 136 Car -1 -1 0.0 562 175 592 191 2 3 5 -1 -1 -1 -1 0.5
74 137 Car -1 -1 0.0 1035 204 1199 368 2 3 5 -1 -1 -1 -1 0.5
75 106 Car -1 -1 0.0 803 187 1075 341 2 3 5 -1 -1 -1 -1 0.5
75 122 Car -1 -1 0.0 772 178 896 258 2 3 5 -1 -1 -1 -1 0.5
75 124 Car -1 -1 0.0 -21 143 68 289 2 3 5 -1 -1 -1 -1 0.5
75 132 Car -1 -1 0.0 713 174 767 220 2 3 5 -1 -1 -1 -1 0.5
75 135 Car -1 -1 0.0 384 173 452 209 2 3 5 -1 -1 -1 -1 0.5
75 137 Car -1 -1 0.0 1035 204 1199 368 2 3 5 -1 -1 -1 -1 0.5
76 106 Car -1 -1 0.0 810 206 1062 348 2 3 5 -1 -1 -1 -1 0.5
76 122 Car -1 -1 0.0 767 182 907 266 2 3 5 -1 -1 -1 -1 0.5
76 132 Car -1 -1 0.0 706 176 760 222 2 3 5 -1 -1 -1 -1 0.5
76 135 Car -1 -1 0.0 361 172 433 212 2 3 5 -1 -1 -1 -1 0.5
76 137 Car -1 -1 0.0 862 186 1156 366 2 3 5 -1 -1 -1 -1 0.5
77 106 Car -1 -1 0.0 796 209 1056 353 2 3 5 -1 -1 -1 -1 0.5
77 122 Car -1 -1 0.0 762 182 922 276 2 3 5 -1 -1 -1 -1 0.5
77 132 Car -1 -1 0.0 701 177 757 223 2 3 5 -1 -1 -1 -1 0.5
77 135 Car -1 -1 0.0 337 172 411 212 2 3 5 -1 -1 -1 -1 0.5
77 137 Car -1 -1 0.0 849 184 1175 368 2 3 5 -1 -1 -1 -1 0.5
78 106 Car -1 -1 0.0 784 211 1050 357 2 3 5 -1 -1 -1 -1 0.5
78 122 Car -1 -1 0.0 762 182 936 284 2 3 5 -1 -1 -1 -1 0.5
78 132 Car -1 -1 0.0 695 177 751 225 2 3 5 -1 -1 -1 -1 0.5
78 135 Car -1 -1 0.0 312 172 390 216 2 3 5 -1 -1 -1 -1 0.5
78 137 Car -1 -1 0.0 855 183 1197 367 2 3 5 -1 -1 -1 -1 0.5
78 138 Car -1 -1 0.0 516 176 546 196 2 3 5 -1 -1 -1 -1 0.5
79 106 Car -1 -1 0.0 770 214 1044 362 2 3 5 -1 -1 -1 -1 0.5
79 122 Car -1 -1 0.0 768 182 958 294 2 3 5 -1 -1 -1 -1 0.5
79 132 Car -1 -1 0.0 689 177 749 225 2 3 5 -1 -1 -1 -1 0.5
79 135 Car -1 -1 0.0 287 173 371 219 2 3 5 -1 -1 -1 -1 0.5
79 137 Car -1 -1 0.0 862 179 1206 367 2 3 5 -1 -1 -1 -1 0.5
79 138 Car -1 -1 0.0 493 174 537 194 2 3 5 -1 -1 -1 -1 0.5
79 139 Car -1 -1 0.0 665 175 711 207 2 3 5 -1 -1 -1 -1 0.5
79 140 Pedestrian -1 -1 0.0 0 114 110 368 2 3 5 -1 -1 -1 -1 0.5
80 106 Car -1 -1 0.0 758 216 1038 366 2 3 5 -1 -1 -1 -1 0.5
80 122 Car -1 -1 0.0 773 181 985 303 2 3 5 -1 -1 -1 -1 0.5
80 132 Car -1 -1 0.0 686 176 746 228 2 3 5 -1 -1 -1 -1 0.5
80 135 Car -1 -1 0.0 260 172 350 222 2 3 5 -1 -1 -1 -1 0.5
80 137 Car -1 -1 0.0 861 179 1209 367 2 3 5 -1 -1 -1 -1 0.5
80 138 Car -1 -1 0.0 494 174 536 194 2 3 5 -1 -1 -1 -1 0.5
80 140 Pedestrian -1 -1 0.0 0 114 110 368 2 3 5 -1 -1 -1 -1 0.5
81 122 Car -1 -1 0.0 780 181 1024 309 2 3 5 -1 -1 -1 -1 0.5
81 132 Car -1 -1 0.0 675 175 731 221 2 3 5 -1 -1 -1 -1 0.5
81 135 Car -1 -1 0.0 227 171 329 227 2 3 5 -1 -1 -1 -1 0.5
81 137 Car -1 -1 0.0 884 184 1222 368 2 3 5 -1 -1 -1 -1 0.5
81 138 Car -1 -1 0.0 490 173 530 193 2 3 5 -1 -1 -1 -1 0.5
81 141 Car -1 -1 0.0 686 173 750 227 2 3 5 -1 -1 -1 -1 0.5
82 122 Car -1 -1 0.0 778 179 1064 323 2 3 5 -1 -1 -1 -1 0.5
82 132 Car -1 -1 0.0 668 173 722 217 2 3 5 -1 -1 -1 -1 0.5
82 135 Car -1 -1 0.0 194 170 308 230 2 3 5 -1 -1 -1 -1 0.5
82 137 Car -1 -1 0.0 969 188 1239 366 2 3 5 -1 -1 -1 -1 0.5
82 138 Car -1 -1 0.0 482 172 520 194 2 3 5 -1 -1 -1 -1 0.5
82 141 Car -1 -1 0.0 690 172 756 228 2 3 5 -1 -1 -1 -1 0.5
83 122 Car -1 -1 0.0 797 182 1097 340 2 3 5 -1 -1 -1 -1 0.5
83 132 Car -1 -1 0.0 663 173 723 215 2 3 5 -1 -1 -1 -1 0.5
83 135 Car -1 -1 0.0 159 170 285 234 2 3 5 -1 -1 -1 -1 0.5
83 137 Car -1 -1 0.0 1011 197 1239 367 2 3 5 -1 -1 -1 -1 0.5
83 138 Car -1 -1 0.0 473 172 513 194 2 3 5 -1 -1 -1 -1 0.5
83 141 Car -1 -1 0.0 690 173 760 231 2 3 5 -1 -1 -1 -1 0.5
84 122 Car -1 -1 0.0 813 178 1143 350 2 3 5 -1 -1 -1 -1 0.5
84 132 Car -1 -1 0.0 657 173 717 215 2 3 5 -1 -1 -1 -1 0.5
84 135 Car -1 -1 0.0 118 169 260 237 2 3 5 -1 -1 -1 -1 0.5
84 137 Car -1 -1 0.0 1032 198 1248 368 2 3 5 -1 -1 -1 -1 0.5
84 138 Car -1 -1 0.0 465 172 503 196 2 3 5 -1 -1 -1 -1 0.5
84 141 Car -1 -1 0.0 692 171 760 231 2 3 5 -1 -1 -1 -1 0.5
85 122 Car -1 -1 0.0 816 177 1178 361 2 3 5 -1 -1 -1 -1 0.5
85 132 Car -1 -1 0.0 662 173 718 215 2 3 5 -1 -1 -1 -1 0.5
85 135 Car -1 -1 0.0 73 170 233 242 2 3 5 -1 -1 -1 -1 0.5
85 137 Car -1 -1 0.0 1054 200 1256 368 2 3 5 -1 -1 -1 -1 0.5
85 138 Car -1 -1 0.0 457 173 495 197 2 3 5 -1 -1 -1 -1 0.5
85 141 Car -1 -1 0.0 694 171 764 233 2 3 5 -1 -1 -1 -1 0.5
86 122 Car -1 -1 0.0 829 177 1207 369 2 3 5 -1 -1 -1 -1 0.5
86 132 Car -1 -1 0.0 662 172 722 216 2 3 5 -1 -1 -1 -1 0.5
86 135 Car -1 -1 0.0 27 169 201 247 2 3 5 -1 -1 -1 -1 0.5
86 137 Car -1 -1 0.0 1075 202 1265 368 2 3 5 -1 -1 -1 -1 0.5
86 138 Car -1 -1 0.0 449 173 489 197 2 3 5 -1 -1 -1 -1 0.5
86 141 Car -1 -1 0.0 696 171 770 235 2 3 5 -1 -1 -1 -1 0.5
87 122 Car -1 -1 0.0 842 176 1228 374 2 3 5 -1 -1 -1 -1 0.5
87 132 Car -1 -1 0.0 661 172 723 216 2 3 5 -1 -1 -1 -1 0.5
87 135 Car -1 -1 0.0 4 168 176 256 2 3 5 -1 -1 -1 -1 0.5
87 137 Car -1 -1 0.0 1097 204 1273 368 2 3 5 -1 -1 -1 -1 0.5
87 138 Car -1 -1 0.0 442 174 482 200 2 3 5 -1 -1 -1 -1 0.5
87 141 Car -1 -1 0.0 698 172 776 238 2 3 5 -1 -1 -1 -1 0.5
87 142 Car -1 -1 0.0 0 171 64 271 2 3 5 -1 -1 -1 -1 0.5
88 122 Car -1 -1 0.0 860 175 1242 377 2 3 5 -1 -1 -1 -1 0.5
88 132 Car -1 -1 0.0 658 173 716 213 2 3 5 -1 -1 -1 -1 0.5
88 135 Car -1 -1 0.0 -16 171 145 267 2 3 5 -1 -1 -1 -1 0.5
88 138 Car -1 -1 0.0 431 175 473 201 2 3 5 -1 -1 -1 -1 0.5
88 141 Car -1 -1 0.0 703 171 789 241 2 3 5 -1 -1 -1 -1 0.5
88 143 Car -1 -1 0.0 679 173 745 229 2 3 5 -1 -1 -1 -1 0.5
89 122 Car -1 -1 0.0 896 179 1252 377 2 3 5 -1 -1 -1 -1 0.5
89 132 Car -1 -1 0.0 655 173 713 213 2 3 5 -1 -1 -1 -1 0.5
89 135 Car -1 -1 0.0 -34 169 99 277 2 3 5 -1 -1 -1 -1 0.5
89 138 Car -1 -1 0.0 422 176 466 202 2 3 5 -1 -1 -1 -1 0.5
89 141 Car -1 -1 0.0 709 172 799 246 2 3 5 -1 -1 -1 -1 0.5
89 143 Car -1 -1 0.0 687 172 755 228 2 3 5 -1 -1 -1 -1 0.5
90 122 Car -1 -1 0.0 935 165 1261 375 2 3 5 -1 -1 -1 -1 0.5
90 132 Car -1 -1 0.0 655 174 713 212 2 3 5 -1 -1 -1 -1 0.5
90 135 Car -1 -1 0.0 -61 170 76 282 2 3 5 -1 -1 -1 -1 0.5
90 138 Car -1 -1 0.0 414 176 460 204 2 3 5 -1 -1 -1 -1 0.5
90 141 Car -1 -1 0.0 713 172 809 250 2 3 5 -1 -1 -1 -1 0.5
90 143 Car -1 -1 0.0 684 172 758 228 2 3 5 -1 -1 -1 -1 0.5
90 144 Car -1 -1 0.0 1129 211 1223 359 2 3 5 -1 -1 -1 -1 0.5
91 122 Car -1 -1 0.0 945 164 1279 382 2 3 5 -1 -1 -1 -1 0.5
91 132 Car -1 -1 0.0 655 175 709 213 2 3 5 -1 -1 -1 -1 0.5
91 135 Car -1 -1 0.0 -88 170 51 286 2 3 5 -1 -1 -1 -1 0.5
91 138 Car -1 -1 0.0 403 178 451 206 2 3 5 -1 -1 -1 -1 0.5
91 141 Car -1 -1 0.0 718 173 822 255 2 3 5 -1 -1 -1 -1 0.5
91 143 Car -1 -1 0.0 683 173 765 229 2 3 5 -1 -1 -1 -1 0.5
92 122 Car -1 -1 0.0 954 163 1298 387 2 3 5 -1 -1 -1 -1 0.5
92 132 Car -1 -1 0.0 658 176 716 214 2 3 5 -1 -1 -1 -1 0.5
92 135 Car -1 -1 0.0 -115 169 28 291 2 3 5 -1 -1 -1 -1 0.5
92 138 Car -1 -1 0.0 392 178 444 208 2 3 5 -1 -1 -1 -1 0.5
92 141 Car -1 -1 0.0 726 172 840 260 2 3 5 -1 -1 -1 -1 0.5
92 143 Car -1 -1 0.0 691 174 775 234 2 3 5 -1 -1 -1 -1 0.5
93 122 Car -1 -1 0.0 964 162 1316 394 2 3 5 -1 -1 -1 -1 0.5
93 132 Car -1 -1 0.0 662 177 724 217 2 3 5 -1 -1 -1 -1 0.5
93 135 Car -1 -1 0.0 -143 170 4 296 2 3 5 -1 -1 -1 -1 0.5
93 138 Car -1 -1 0.0 379 178 435 210 2 3 5 -1 -1 -1 -1 0.5
93 141 Car -1 -1 0.0 733 172 853 266 2 3 5 -1 -1 -1 -1 0.5
93 143 Car -1 -1 0.0 695 174 787 238 2 3 5 -1 -1 -1 -1 0.5
94 122 Car -1 -1 0.0 973 161 1335 399 2 3 5 -1 -1 -1 -1 0.5
94 132 Car -1 -1 0.0 661 176 721 216 2 3 5 -1 -1 -1 -1 0.5
94 138 Car -1 -1 0.0 367 177 425 211 2 3 5 -1 -1 -1 -1 0.5
94 141 Car -1 -1 0.0 742 171 876 275 2 3 5 -1 -1 -1 -1 0.5
94 143 Car -1 -1 0.0 702 174 798 244 2 3 5 -1 -1 -1 -1 0.5
94 144 Car -1 -1 0.0 587 173 605 187 2 3 5 -1 -1 -1 -1 0.5
94 145 Car -1 -1 0.0 682 173 752 229 2 3 5 -1 -1 -1 -1 0.5
95 132 Car -1 -1 0.0 659 176 719 216 2 3 5 -1 -1 -1 -1 0.5
95 138 Car -1 -1 0.0 353 179 415 213 2 3 5 -1 -1 -1 -1 0.5
95 141 Car -1 -1 0.0 752 172 900 286 2 3 5 -1 -1 -1 -1 0.5
95 143 Car -1 -1 0.0 712 174 810 248 2 3 5 -1 -1 -1 -1 0.5
95 145 Car -1 -1 0.0 676 173 758 227 2 3 5 -1 -1 -1 -1 0.5
96 132 Car -1 -1 0.0 654 174 708 212 2 3 5 -1 -1 -1 -1 0.5
96 138 Car -1 -1 0.0 338 179 404 215 2 3 5 -1 -1 -1 -1 0.5
96 141 Car -1 -1 0.0 765 171 931 297 2 3 5 -1 -1 -1 -1 0.5
96 143 Car -1 -1 0.0 716 174 828 252 2 3 5 -1 -1 -1 -1 0.5
96 145 Car -1 -1 0.0 668 174 748 224 2 3 5 -1 -1 -1 -1 0.5
96 146 Car -1 -1 0.0 700 185 762 235 2 3 5 -1 -1 -1 -1 0.5
97 132 Car -1 -1 0.0 650 174 700 208 2 3 5 -1 -1 -1 -1 0.5
97 138 Car -1 -1 0.0 322 180 396 218 2 3 5 -1 -1 -1 -1 0.5
97 141 Car -1 -1 0.0 781 171 979 311 2 3 5 -1 -1 -1 -1 0.5
97 143 Car -1 -1 0.0 725 175 839 259 2 3 5 -1 -1 -1 -1 0.5
97 145 Car -1 -1 0.0 665 176 741 224 2 3 5 -1 -1 -1 -1 0.5
97 146 Car -1 -1 0.0 692 178 782 236 2 3 5 -1 -1 -1 -1 0.5
97 147 Car -1 -1 0.0 704 203 744 235 2 3 5 -1 -1 -1 -1 0.5
98 132 Car -1 -1 0.0 649 175 697 209 2 3 5 -1 -1 -1 -1 0.5
98 138 Car -1 -1 0.0 305 179 383 221 2 3 5 -1 -1 -1 -1 0.5
98 141 Car -1 -1 0.0 799 169 1023 327 2 3 5 -1 -1 -1 -1 0.5
98 143 Car -1 -1 0.0 734 175 860 265 2 3 5 -1 -1 -1 -1 0.5
98 145 Car -1 -1 0.0 665 176 739 226 2 3 5 -1 -1 -1 -1 0.5
98 146 Car -1 -1 0.0 696 178 788 238 2 3 5 -1 -1 -1 -1 0.5
98 147 Car -1 -1 0.0 709 207 745 241 2 3 5 -1 -1 -1 -1 0.5
99 132 Car -1 -1 0.0 648 174 694 208 2 3 5 -1 -1 -1 -1 0.5
99 138 Car -1 -1 0.0 284 179 368 223 2 3 5 -1 -1 -1 -1 0.5
99 141 Car -1 -1 0.0 828 170 1084 340 2 3 5 -1 -1 -1 -1 0.5
99 143 Car -1 -1 0.0 743 174 883 272 2 3 5 -1 -1 -1 -1 0.5
99 145 Car -1 -1 0.0 664 174 738 224 2 3 5 -1 -1 -1 -1 0.5
99 146 Car -1 -1 0.0 695 178 787 240 2 3 5 -1 -1 -1 -1 0.5
99 147 Car -1 -1 0.0 713 208 751 242 2 3 5 -1 -1 -1 -1 0.5
100 132 Car -1 -1 0.0 649 175 695 209 2 3 5 -1 -1 -1 -1 0.5
100 138 Car -1 -1 0.0 259 180 349 226 2 3 5 -1 -1 -1 -1 0.5
100 141 Car -1 -1 0.0 840 169 1144 351 2 3 5 -1 -1 -1 -1 0.5
100 143 Car -1 -1 0.0 759 172 915 282 2 3 5 -1 -1 -1 -1 0.5
100 145 Car -1 -1 0.0 669 174 739 226 2 3 5 -1 -1 -1 -1 0.5
100 146 Car -1 -1 0.0 699 178 789 242 2 3 5 -1 -1 -1 -1 0.5
101 132 Car -1 -1 0.0 652 173 700 211 2 3 5 -1 -1 -1 -1 0.5
101 138 Car -1 -1 0.0 231 180 331 228 2 3 5 -1 -1 -1 -1 0.5
101 141 Car -1 -1 0.0 864 169 1188 357 2 3 5 -1 -1 -1 -1 0.5
101 143 Car -1 -1 0.0 772 174 946 292 2 3 5 -1 -1 -1 -1 0.5
101 145 Car -1 -1 0.0 676 175 744 227 2 3 5 -1 -1 -1 -1 0.5
101 146 Car -1 -1 0.0 706 178 798 244 2 3 5 -1 -1 -1 -1 0.5
102 132 Car -1 -1 0.0 654 173 704 211 2 3 5 -1 -1 -1 -1 0.5
102 138 Car -1 -1 0.0 201 179 311 231 2 3 5 -1 -1 -1 -1 0.5
102 141 Car -1 -1 0.0 899 170 1221 364 2 3 5 -1 -1 -1 -1 0.5
102 143 Car -1 -1 0.0 767 175 945 295 2 3 5 -1 -1 -1 -1 0.5
102 145 Car -1 -1 0.0 683 176 753 230 2 3 5 -1 -1 -1 -1 0.5
102 146 Car -1 -1 0.0 716 177 812 251 2 3 5 -1 -1 -1 -1 0.5
102 147 Car -1 -1 0.0 561 173 583 191 2 3 5 -1 -1 -1 -1 0.5
102 148 Car -1 -1 0.0 808 176 1040 332 2 3 5 -1 -1 -1 -1 0.5
103 132 Car -1 -1 0.0 655 173 705 213 2 3 5 -1 -1 -1 -1 0.5
103 138 Car -1 -1 0.0 162 180 288 236 2 3 5 -1 -1 -1 -1 0.5
103 141 Car -1 -1 0.0 946 169 1248 369 2 3 5 -1 -1 -1 -1 0.5
103 143 Car -1 -1 0.0 773 176 959 300 2 3 5 -1 -1 -1 -1 0.5
103 145 Car -1 -1 0.0 689 176 763 234 2 3 5 -1 -1 -1 -1 0.5
103 146 Car -1 -1 0.0 727 177 831 257 2 3 5 -1 -1 -1 -1 0.5
103 148 Car -1 -1 0.0 815 181 1127 351 2 3 5 -1 -1 -1 -1 0.5
103 149 Pedestrian -1 -1 0.0 732 135 748 179 2 3 5 -1 -1 -1 -1 0.5
103 150 Pedestrian -1 -1 0.0 808 153 822 201 2 3 5 -1 -1 -1 -1 0.5
104 132 Car -1 -1 0.0 654 174 704 212 2 3 5 -1 -1 -1 -1 0.5
104 138 Car -1 -1 0.0 119 180 261 242 2 3 5 -1 -1 -1 -1 0.5
104 141 Car -1 -1 0.0 962 169 1276 377 2 3 5 -1 -1 -1 -1 0.5
104 143 Car -1 -1 0.0 754 175 930 291 2 3 5 -1 -1 -1 -1 0.5
104 145 Car -1 -1 0.0 687 176 751 232 2 3 5 -1 -1 -1 -1 0.5
104 146 Car -1 -1 0.0 713 175 813 255 2 3 5 -1 -1 -1 -1 0.5
104 148 Car -1 -1 0.0 822 178 1170 356 2 3 5 -1 -1 -1 -1 0.5
104 150 Pedestrian -1 -1 0.0 808 153 822 201 2 3 5 -1 -1 -1 -1 0.5
104 151 Car -1 -1 0.0 554 171 580 195 2 3 5 -1 -1 -1 -1 0.5
104 152 Cyclist -1 -1 0.0 878 199 1030 365 2 3 5 -1 -1 -1 -1 0.5
105 132 Car -1 -1 0.0 655 174 707 214 2 3 5 -1 -1 -1 -1 0.5
105 138 Car -1 -1 0.0 69 182 233 250 2 3 5 -1 -1 -1 -1 0.5
105 141 Car -1 -1 0.0 979 169 1303 383 2 3 5 -1 -1 -1 -1 0.5
105 143 Car -1 -1 0.0 758 176 928 296 2 3 5 -1 -1 -1 -1 0.5
105 145 Car -1 -1 0.0 685 178 749 232 2 3 5 -1 -1 -1 -1 0.5
105 146 Car -1 -1 0.0 710 175 808 255 2 3 5 -1 -1 -1 -1 0.5
105 148 Car -1 -1 0.0 836 175 1198 361 2 3 5 -1 -1 -1 -1 0.5
105 151 Car -1 -1 0.0 549 175 575 195 2 3 5 -1 -1 -1 -1 0.5
105 153 Car -1 -1 0.0 1158 138 1222 368 2 3 5 -1 -1 -1 -1 0.5
